date,open,high,low,close
2019-06-17 13:30:00+00:00,5.630000114440918,5.630000114440918,5.409999847412109,5.5
2019-06-18 13:30:00+00:00,5.409999847412109,5.510000228881836,5.400000095367432,5.510000228881836
2019-06-19 13:30:00+00:00,5.460000038146973,5.559999942779541,5.460000038146973,5.559999942779541
2019-06-20 13:30:00+00:00,5.510000228881836,5.639999866485596,5.5,5.630000114440918
2019-06-21 13:30:00+00:00,5.5,5.820000171661377,5.440000057220459,5.820000171661377
2019-06-24 13:30:00+00:00,5.599999904632568,5.710000038146973,5.559999942779541,5.650000095367432
2019-06-25 13:30:00+00:00,5.699999809265137,5.699999809265137,5.550000190734863,5.639999866485596
2019-06-26 13:30:00+00:00,5.679999828338623,5.690000057220459,5.570000171661377,5.619999885559082
2019-06-27 13:30:00+00:00,5.570000171661377,5.829999923706055,5.570000171661377,5.75
2019-06-28 13:30:00+00:00,5.739999771118164,5.880000114440918,5.610000133514404,5.880000114440918
2019-07-01 13:30:00+00:00,5.889999866485596,5.940000057220459,5.739999771118164,5.739999771118164
2019-07-02 13:30:00+00:00,5.739999771118164,5.739999771118164,5.710000038146973,5.730000019073486
2019-07-03 13:30:00+00:00,5.710000038146973,5.710000038146973,5.710000038146973,5.710000038146973
2019-07-05 13:30:00+00:00,5.710000038146973,5.849999904632568,5.639999866485596,5.690000057220459
2019-07-08 13:30:00+00:00,5.739999771118164,5.739999771118164,5.610000133514404,5.659999847412109
2019-07-09 13:30:00+00:00,5.690000057220459,5.75,5.659999847412109,5.699999809265137
2019-07-10 13:30:00+00:00,5.679999828338623,5.739999771118164,5.630000114440918,5.670000076293945
2019-07-11 13:30:00+00:00,5.670000076293945,5.800000190734863,5.650000095367432,5.75
2019-07-12 13:30:00+00:00,5.75,5.900000095367432,5.75,5.789999961853027
2019-07-15 13:30:00+00:00,5.840000152587891,5.96999979019165,5.840000152587891,5.96999979019165
2019-07-16 13:30:00+00:00,5.949999809265137,6.159999847412109,5.949999809265137,6.110000133514404
2019-07-17 13:30:00+00:00,6.369999885559082,6.429999828338623,5.96999979019165,5.96999979019165
2019-07-18 13:30:00+00:00,6.03000020980835,6.050000190734863,5.980000019073486,6.050000190734863
2019-07-19 13:30:00+00:00,6.010000228881836,6.050000190734863,6.0,6.050000190734863
2019-07-22 13:30:00+00:00,6.050000190734863,6.059999942779541,5.900000095367432,6.050000190734863
2019-07-23 13:30:00+00:00,6.059999942779541,6.059999942779541,6.010000228881836,6.03000020980835
2019-07-24 13:30:00+00:00,6.0,6.0,5.849999904632568,5.869999885559082
2019-07-25 13:30:00+00:00,5.900000095367432,6.050000190734863,5.869999885559082,5.909999847412109
2019-07-26 13:30:00+00:00,5.960000038146973,6.090000152587891,5.900000095367432,6.0
2019-07-29 13:30:00+00:00,6.039999961853027,6.079999923706055,6.0,6.050000190734863
2019-07-30 13:30:00+00:00,5.96999979019165,6.260000228881836,5.909999847412109,6.260000228881836
2019-07-31 13:30:00+00:00,6.130000114440918,6.599999904632568,6.130000114440918,6.130000114440918
2019-08-01 13:30:00+00:00,6.199999809265137,6.300000190734863,6.119999885559082,6.119999885559082
2019-08-02 13:30:00+00:00,5.849999904632568,6.389999866485596,5.849999904632568,6.269999980926514
2019-08-05 13:30:00+00:00,6.21999979019165,6.21999979019165,6.0,6.139999866485596
2019-08-06 13:30:00+00:00,6.340000152587891,6.340000152587891,6.059999942779541,6.150000095367432
2019-08-07 13:30:00+00:00,6.03000020980835,6.099999904632568,5.96999979019165,5.980000019073486
2019-08-08 13:30:00+00:00,5.980000019073486,5.989999771118164,5.920000076293945,5.920000076293945
2019-08-09 13:30:00+00:00,5.96999979019165,6.0,5.820000171661377,5.960000038146973
2019-08-12 13:30:00+00:00,5.900000095367432,5.900000095367432,5.71999979019165,5.789999961853027
2019-08-13 13:30:00+00:00,5.639999866485596,5.860000133514404,5.639999866485596,5.75
2019-08-14 13:30:00+00:00,5.670000076293945,5.71999979019165,5.510000228881836,5.510000228881836
2019-08-15 13:30:00+00:00,5.590000152587891,5.75,5.460000038146973,5.670000076293945
2019-08-16 13:30:00+00:00,5.869999885559082,5.869999885559082,5.570000171661377,5.570000171661377
2019-08-19 13:30:00+00:00,5.599999904632568,5.599999904632568,5.369999885559082,5.480000019073486
2019-08-20 13:30:00+00:00,5.289999961853027,5.480000019073486,5.199999809265137,5.210000038146973
2019-08-21 13:30:00+00:00,5.519999980926514,5.599999904632568,5.190000057220459,5.260000228881836
2019-08-22 13:30:00+00:00,5.25,5.380000114440918,5.25,5.340000152587891
2019-08-23 13:30:00+00:00,5.269999980926514,5.289999961853027,5.25,5.28000020980835
2019-08-26 13:30:00+00:00,5.199999809265137,5.199999809265137,5.059999942779541,5.179999828338623
2019-08-27 13:30:00+00:00,5.159999847412109,5.199999809265137,4.929999828338623,4.980000019073486
2019-08-28 13:30:00+00:00,4.909999847412109,5.019999980926514,4.880000114440918,5.0
2019-08-29 13:30:00+00:00,4.880000114440918,5.0,4.769999980926514,4.78000020980835
2019-08-30 13:30:00+00:00,4.889999866485596,5.409999847412109,4.880000114440918,5.409999847412109
2019-09-03 13:30:00+00:00,5.460000038146973,5.460000038146973,5.400000095367432,5.440000057220459
2019-09-04 13:30:00+00:00,5.46999979019165,5.550000190734863,4.940000057220459,5.510000228881836
2019-09-05 13:30:00+00:00,5.440000057220459,5.5,5.25,5.300000190734863
2019-09-06 13:30:00+00:00,5.289999961853027,5.429999828338623,5.210000038146973,5.340000152587891
2019-09-09 13:30:00+00:00,5.559999942779541,5.800000190734863,5.400000095367432,5.420000076293945
2019-09-10 13:30:00+00:00,5.400000095367432,5.610000133514404,5.369999885559082,5.480000019073486
2019-09-11 13:30:00+00:00,5.380000114440918,5.449999809265137,5.340000152587891,5.449999809265137
2019-09-12 13:30:00+00:00,5.5,5.539999961853027,5.409999847412109,5.409999847412109
2019-09-13 13:30:00+00:00,5.5,5.960000038146973,5.489999771118164,5.889999866485596
2019-09-16 13:30:00+00:00,5.849999904632568,5.849999904632568,5.610000133514404,5.840000152587891
2019-09-17 13:30:00+00:00,5.71999979019165,5.829999923706055,5.619999885559082,5.659999847412109
2019-09-18 13:30:00+00:00,5.710000038146973,5.869999885559082,5.699999809265137,5.699999809265137
2019-09-19 13:30:00+00:00,5.53000020980835,5.829999923706055,5.53000020980835,5.71999979019165
2019-09-20 13:30:00+00:00,5.650000095367432,5.75,5.5,5.510000228881836
2019-09-23 13:30:00+00:00,5.480000019073486,5.630000114440918,5.420000076293945,5.449999809265137
2019-09-24 13:30:00+00:00,5.429999828338623,5.699999809265137,5.420000076293945,5.699999809265137
2019-09-25 13:30:00+00:00,5.960000038146973,5.960000038146973,5.46999979019165,5.570000171661377
2019-09-26 13:30:00+00:00,5.849999904632568,5.849999904632568,5.480000019073486,5.519999980926514
2019-09-27 13:30:00+00:00,5.429999828338623,5.880000114440918,5.389999866485596,5.46999979019165
2019-09-30 13:30:00+00:00,5.510000228881836,5.820000171661377,5.46999979019165,5.46999979019165
2019-10-01 13:30:00+00:00,5.53000020980835,5.659999847412109,5.400000095367432,5.570000171661377
2019-10-02 13:30:00+00:00,5.400000095367432,5.880000114440918,5.400000095367432,5.400000095367432
2019-10-03 13:30:00+00:00,5.639999866485596,5.650000095367432,5.599999904632568,5.599999904632568
2019-10-04 13:30:00+00:00,5.829999923706055,6.519999980926514,5.690000057220459,6.230000019073486
2019-10-07 13:30:00+00:00,6.300000190734863,6.800000190734863,6.150000095367432,6.510000228881836
2019-10-08 13:30:00+00:00,6.650000095367432,6.789999961853027,6.210000038146973,6.300000190734863
2019-10-09 13:30:00+00:00,6.380000114440918,6.519999980926514,6.199999809265137,6.300000190734863
2019-10-10 13:30:00+00:00,6.190000057220459,6.28000020980835,5.949999809265137,6.130000114440918
2019-10-11 13:30:00+00:00,6.110000133514404,6.150000095367432,5.800000190734863,6.099999904632568
2019-10-14 13:30:00+00:00,6.130000114440918,6.159999847412109,5.900000095367432,6.070000171661377
2019-10-15 13:30:00+00:00,6.119999885559082,6.199999809265137,6.039999961853027,6.199999809265137
2019-10-16 13:30:00+00:00,6.099999904632568,6.099999904632568,5.860000133514404,6.010000228881836
2019-10-17 13:30:00+00:00,5.960000038146973,6.119999885559082,5.929999828338623,6.019999980926514
2019-10-18 13:30:00+00:00,6.039999961853027,6.070000171661377,5.960000038146973,6.019999980926514
2019-10-21 13:30:00+00:00,6.019999980926514,6.079999923706055,5.960000038146973,6.050000190734863
2019-10-22 13:30:00+00:00,6.039999961853027,6.630000114440918,5.909999847412109,6.480000019073486
2019-10-23 13:30:00+00:00,6.409999847412109,6.440000057220459,6.25,6.260000228881836
2019-10-24 13:30:00+00:00,6.309999942779541,6.420000076293945,6.099999904632568,6.25
2019-10-25 13:30:00+00:00,6.25,6.269999980926514,6.110000133514404,6.199999809265137
2019-10-28 13:30:00+00:00,6.150000095367432,6.179999828338623,5.960000038146973,6.099999904632568
2019-10-29 13:30:00+00:00,6.050000190734863,6.110000133514404,5.949999809265137,6.059999942779541
2019-10-30 13:30:00+00:00,6.03000020980835,6.230000019073486,5.619999885559082,5.889999866485596
2019-10-31 13:30:00+00:00,5.840000152587891,6.010000228881836,5.639999866485596,5.920000076293945
2019-11-01 13:30:00+00:00,5.800000190734863,6.059999942779541,5.739999771118164,5.920000076293945
2019-11-04 14:30:00+00:00,5.880000114440918,5.960000038146973,5.849999904632568,5.960000038146973
2019-11-05 14:30:00+00:00,6.0,6.210000038146973,5.840000152587891,5.869999885559082
2019-11-06 14:30:00+00:00,5.820000171661377,6.21999979019165,5.730000019073486,6.199999809265137
2019-11-07 14:30:00+00:00,6.210000038146973,6.210000038146973,6.03000020980835,6.099999904632568
2019-11-08 14:30:00+00:00,6.159999847412109,6.159999847412109,6.039999961853027,6.070000171661377
2019-11-11 14:30:00+00:00,6.159999847412109,6.159999847412109,5.860000133514404,6.039999961853027
2019-11-12 14:30:00+00:00,6.039999961853027,6.070000171661377,5.900000095367432,5.960000038146973
2019-11-13 14:30:00+00:00,5.909999847412109,5.960000038146973,5.769999980926514,5.849999904632568
2019-11-14 14:30:00+00:00,5.800000190734863,5.800000190734863,5.699999809265137,5.78000020980835
2019-11-15 14:30:00+00:00,5.739999771118164,5.849999904632568,5.670000076293945,5.800000190734863
2019-11-18 14:30:00+00:00,5.760000228881836,5.789999961853027,5.570000171661377,5.630000114440918
2019-11-19 14:30:00+00:00,5.590000152587891,5.789999961853027,5.579999923706055,5.639999866485596
2019-11-20 14:30:00+00:00,5.630000114440918,5.840000152587891,5.619999885559082,5.650000095367432
2019-11-21 14:30:00+00:00,5.659999847412109,5.900000095367432,5.659999847412109,5.840000152587891
2019-11-22 14:30:00+00:00,5.929999828338623,5.949999809265137,5.869999885559082,5.909999847412109
2019-11-25 14:30:00+00:00,5.929999828338623,6.0,5.929999828338623,5.989999771118164
2019-11-26 14:30:00+00:00,6.03000020980835,6.03000020980835,5.949999809265137,6.0
2019-11-27 14:30:00+00:00,6.0,6.099999904632568,5.949999809265137,6.090000152587891
2019-11-29 14:30:00+00:00,6.110000133514404,6.110000133514404,6.019999980926514,6.03000020980835
2019-12-02 14:30:00+00:00,6.0,6.050000190734863,5.940000057220459,6.0
2019-12-03 14:30:00+00:00,5.920000076293945,6.090000152587891,5.900000095367432,6.010000228881836
2019-12-04 14:30:00+00:00,6.010000228881836,6.099999904632568,6.0,6.03000020980835
2019-12-05 14:30:00+00:00,6.090000152587891,6.090000152587891,5.860000133514404,5.920000076293945
2019-12-06 14:30:00+00:00,5.940000057220459,6.0,5.920000076293945,5.920000076293945
2019-12-09 14:30:00+00:00,5.860000133514404,5.949999809265137,5.860000133514404,5.940000057220459
2019-12-10 14:30:00+00:00,5.900000095367432,5.989999771118164,5.900000095367432,5.960000038146973
2019-12-11 14:30:00+00:00,5.940000057220459,5.989999771118164,5.900000095367432,5.949999809265137
2019-12-12 14:30:00+00:00,5.96999979019165,6.099999904632568,5.920000076293945,6.03000020980835
2019-12-13 14:30:00+00:00,6.050000190734863,6.179999828338623,6.050000190734863,6.070000171661377
2019-12-16 14:30:00+00:00,6.039999961853027,6.190000057220459,5.980000019073486,5.989999771118164
2019-12-17 14:30:00+00:00,5.960000038146973,6.170000076293945,5.949999809265137,5.96999979019165
2019-12-18 14:30:00+00:00,5.980000019073486,6.130000114440918,5.96999979019165,5.989999771118164
2019-12-19 14:30:00+00:00,6.059999942779541,6.170000076293945,6.010000228881836,6.110000133514404
2019-12-20 14:30:00+00:00,6.130000114440918,6.159999847412109,5.989999771118164,6.110000133514404
2019-12-23 14:30:00+00:00,6.079999923706055,6.159999847412109,6.079999923706055,6.150000095367432
2019-12-24 14:30:00+00:00,6.150000095367432,6.150000095367432,6.079999923706055,6.139999866485596
2019-12-26 14:30:00+00:00,6.099999904632568,6.139999866485596,6.099999904632568,6.110000133514404
2019-12-27 14:30:00+00:00,6.119999885559082,6.139999866485596,6.0,6.110000133514404
2019-12-30 14:30:00+00:00,6.079999923706055,6.159999847412109,6.050000190734863,6.150000095367432
2019-12-31 14:30:00+00:00,6.150000095367432,6.510000228881836,6.150000095367432,6.510000228881836
2020-01-02 14:30:00+00:00,6.630000114440918,6.800000190734863,6.429999828338623,6.510000228881836
2020-01-03 14:30:00+00:00,6.46999979019165,6.639999866485596,6.46999979019165,6.480000019073486
2020-01-06 14:30:00+00:00,6.440000057220459,6.550000190734863,6.380000114440918,6.429999828338623
2020-01-07 14:30:00+00:00,6.429999828338623,6.510000228881836,6.409999847412109,6.449999809265137
2020-01-08 14:30:00+00:00,6.460000038146973,6.550000190734863,6.340000152587891,6.409999847412109
2020-01-09 14:30:00+00:00,6.420000076293945,6.610000133514404,6.409999847412109,6.5
2020-01-10 14:30:00+00:00,6.539999961853027,7.170000076293945,6.539999961853027,7.050000190734863
2020-01-13 14:30:00+00:00,7.070000171661377,7.190000057220459,6.949999809265137,7.099999904632568
2020-01-14 14:30:00+00:00,7.190000057220459,8.079999923706055,7.179999828338623,7.840000152587891
2020-01-15 14:30:00+00:00,7.909999847412109,8.149999618530273,7.849999904632568,8.069999694824219
2020-01-16 14:30:00+00:00,8.210000038146973,8.34000015258789,8.130000114440918,8.260000228881836
2020-01-17 14:30:00+00:00,8.25,8.5,8.0,8.25
2020-01-21 14:30:00+00:00,8.34000015258789,8.359999656677246,7.900000095367432,8.020000457763672
2020-01-22 14:30:00+00:00,8.0600004196167,8.140000343322754,7.920000076293945,8.079999923706055
2020-01-23 14:30:00+00:00,8.050000190734863,8.0600004196167,7.880000114440918,7.960000038146973
2020-01-24 14:30:00+00:00,8.010000228881836,8.010000228881836,7.670000076293945,7.710000038146973
2020-01-27 14:30:00+00:00,7.480000019073486,7.809999942779541,7.269999980926514,7.539999961853027
2020-01-28 14:30:00+00:00,7.519999980926514,7.639999866485596,7.440000057220459,7.559999942779541
2020-01-29 14:30:00+00:00,7.519999980926514,7.519999980926514,7.349999904632568,7.360000133514404
2020-01-30 14:30:00+00:00,7.329999923706055,7.590000152587891,7.260000228881836,7.510000228881836
2020-01-31 14:30:00+00:00,7.5,7.71999979019165,7.300000190734863,7.539999961853027
2020-02-03 14:30:00+00:00,7.489999771118164,7.489999771118164,7.199999809265137,7.25
2020-02-04 14:30:00+00:00,7.28000020980835,7.420000076293945,7.070000171661377,7.349999904632568
2020-02-05 14:30:00+00:00,7.360000133514404,7.429999828338623,7.28000020980835,7.300000190734863
2020-02-06 14:30:00+00:00,7.300000190734863,7.75,7.300000190734863,7.519999980926514
2020-02-07 14:30:00+00:00,7.5,7.579999923706055,7.480000019073486,7.5
2020-02-10 14:30:00+00:00,7.460000038146973,7.489999771118164,7.179999828338623,7.179999828338623
2020-02-11 14:30:00+00:00,7.25,7.460000038146973,7.25,7.349999904632568
2020-02-12 14:30:00+00:00,7.369999885559082,7.599999904632568,7.369999885559082,7.53000020980835
2020-02-13 14:30:00+00:00,7.510000228881836,8.100000381469727,7.5,7.96999979019165
2020-02-14 14:30:00+00:00,8.0600004196167,8.180000305175781,7.949999809265137,8.109999656677246
2020-02-18 14:30:00+00:00,8.100000381469727,8.130000114440918,7.809999942779541,7.849999904632568
2020-02-19 14:30:00+00:00,7.960000038146973,8.0600004196167,7.929999828338623,7.949999809265137
2020-02-20 14:30:00+00:00,8.100000381469727,8.149999618530273,7.519999980926514,7.909999847412109
2020-02-21 14:30:00+00:00,7.900000095367432,8.079999923706055,7.900000095367432,8.010000228881836
2020-02-24 14:30:00+00:00,7.820000171661377,8.020000457763672,7.599999904632568,7.900000095367432
2020-02-25 14:30:00+00:00,7.900000095367432,7.940000057220459,7.809999942779541,7.869999885559082
2020-02-26 14:30:00+00:00,7.849999904632568,8.369999885559082,7.849999904632568,7.949999809265137
2020-02-27 14:30:00+00:00,7.829999923706055,7.920000076293945,7.260000228881836,7.260000228881836
2020-02-28 14:30:00+00:00,7.010000228881836,7.110000133514404,6.949999809265137,7.050000190734863
2020-03-02 14:30:00+00:00,7.070000171661377,7.25,7.0,7.119999885559082
2020-03-03 14:30:00+00:00,7.070000171661377,7.190000057220459,6.940000057220459,7.03000020980835
2020-03-04 14:30:00+00:00,7.050000190734863,7.289999961853027,7.050000190734863,7.21999979019165
2020-03-05 14:30:00+00:00,7.099999904632568,7.309999942779541,7.090000152587891,7.099999904632568
2020-03-06 14:30:00+00:00,7.099999904632568,7.170000076293945,6.909999847412109,6.960000038146973
2020-03-09 13:30:00+00:00,6.400000095367432,6.880000114440918,6.170000076293945,6.170000076293945
2020-03-10 13:30:00+00:00,6.289999961853027,6.389999866485596,5.619999885559082,5.920000076293945
2020-03-11 13:30:00+00:00,5.78000020980835,5.849999904632568,5.360000133514404,5.590000152587891
2020-03-12 13:30:00+00:00,5.03000020980835,5.329999923706055,3.759999990463257,4.389999866485596
2020-03-13 13:30:00+00:00,4.130000114440918,4.25,3.3399999141693115,3.9700000286102295
2020-03-16 13:30:00+00:00,3.4600000381469727,3.4600000381469727,3.059999942779541,3.25
2020-03-17 13:30:00+00:00,3.240000009536743,3.369999885559082,3.009999990463257,3.0999999046325684
2020-03-18 13:30:00+00:00,2.940000057220459,3.0999999046325684,2.5999999046325684,2.799999952316284
2020-03-19 13:30:00+00:00,2.7699999809265137,3.440000057220459,2.549999952316284,3.4100000858306885
2020-03-20 13:30:00+00:00,3.4200000762939453,3.5899999141693115,3.0,3.049999952316284
2020-03-23 13:30:00+00:00,3.0299999713897705,3.0299999713897705,2.569999933242798,2.7300000190734863
2020-03-24 13:30:00+00:00,2.9000000953674316,3.1500000953674316,2.859999895095825,2.9700000286102295
2020-03-25 13:30:00+00:00,2.990000009536743,3.5,2.9600000381469727,3.319999933242798
2020-03-26 13:30:00+00:00,3.3499999046325684,3.7799999713897705,3.2899999618530273,3.640000104904175
2020-03-27 13:30:00+00:00,3.549999952316284,3.6700000762939453,3.259999990463257,3.319999933242798
2020-03-30 13:30:00+00:00,3.4800000190734863,4.179999828338623,3.4200000762939453,3.640000104904175
2020-03-31 13:30:00+00:00,3.75,3.799999952316284,3.3299999237060547,3.4600000381469727
2020-04-01 13:30:00+00:00,3.450000047683716,3.6500000953674316,3.3499999046325684,3.5
2020-04-02 13:30:00+00:00,3.509999990463257,3.609999895095825,3.440000057220459,3.559999942779541
2020-04-03 13:30:00+00:00,3.609999895095825,3.680000066757202,3.4800000190734863,3.5
2020-04-06 13:30:00+00:00,3.6600000858306885,3.700000047683716,3.5,3.640000104904175
2020-04-07 13:30:00+00:00,3.8299999237060547,4.300000190734863,3.7899999618530273,4.0
2020-04-08 13:30:00+00:00,4.059999942779541,4.53000020980835,3.869999885559082,4.400000095367432
2020-04-09 13:30:00+00:00,4.5,4.5,4.230000019073486,4.369999885559082
2020-04-13 13:30:00+00:00,4.380000114440918,4.699999809265137,4.380000114440918,4.670000076293945
2020-04-14 13:30:00+00:00,4.739999771118164,4.739999771118164,4.550000190734863,4.550000190734863
2020-04-15 13:30:00+00:00,4.53000020980835,4.550000190734863,4.429999828338623,4.5
2020-04-16 13:30:00+00:00,4.510000228881836,4.599999904632568,4.300000190734863,4.460000038146973
2020-04-17 13:30:00+00:00,4.559999942779541,4.670000076293945,4.440000057220459,4.639999866485596
2020-04-20 13:30:00+00:00,4.579999923706055,4.75,4.5,4.710000038146973
2020-04-21 13:30:00+00:00,4.710000038146973,4.710000038146973,4.440000057220459,4.539999961853027
2020-04-22 13:30:00+00:00,4.559999942779541,4.650000095367432,4.46999979019165,4.570000171661377
2020-04-23 13:30:00+00:00,4.590000152587891,4.650000095367432,4.5,4.579999923706055
2020-04-24 13:30:00+00:00,4.639999866485596,4.690000057220459,4.550000190734863,4.639999866485596
2020-04-27 13:30:00+00:00,4.760000228881836,5.0,4.760000228881836,4.909999847412109
2020-04-28 13:30:00+00:00,4.989999771118164,4.989999771118164,4.739999771118164,4.820000171661377
2020-04-29 13:30:00+00:00,4.909999847412109,5.059999942779541,4.670000076293945,4.849999904632568
2020-04-30 13:30:00+00:00,4.900000095367432,4.989999771118164,4.670000076293945,4.800000190734863
2020-05-01 13:30:00+00:00,4.760000228881836,4.760000228881836,4.590000152587891,4.710000038146973
2020-05-04 13:30:00+00:00,4.519999980926514,4.599999904632568,4.119999885559082,4.360000133514404
2020-05-05 13:30:00+00:00,4.53000020980835,4.579999923706055,4.400000095367432,4.480000019073486
2020-05-06 13:30:00+00:00,4.519999980926514,4.650000095367432,4.489999771118164,4.53000020980835
2020-05-07 13:30:00+00:00,4.690000057220459,4.809999942779541,4.489999771118164,4.550000190734863
2020-05-08 13:30:00+00:00,4.590000152587891,4.659999847412109,4.550000190734863,4.659999847412109
2020-05-11 13:30:00+00:00,4.650000095367432,4.78000020980835,4.53000020980835,4.599999904632568
2020-05-12 13:30:00+00:00,4.659999847412109,4.699999809265137,4.539999961853027,4.550000190734863
2020-05-13 13:30:00+00:00,4.570000171661377,4.619999885559082,4.119999885559082,4.260000228881836
2020-05-14 13:30:00+00:00,3.9600000381469727,3.990000009536743,3.559999942779541,3.859999895095825
2020-05-15 13:30:00+00:00,3.819999933242798,4.440000057220459,3.759999990463257,4.099999904632568
2020-05-18 13:30:00+00:00,4.300000190734863,4.539999961853027,4.289999961853027,4.460000038146973
2020-05-19 13:30:00+00:00,4.519999980926514,4.949999809265137,4.519999980926514,4.739999771118164
2020-05-20 13:30:00+00:00,4.869999885559082,4.869999885559082,4.699999809265137,4.840000152587891
2020-05-21 13:30:00+00:00,4.849999904632568,4.929999828338623,4.789999961853027,4.800000190734863
2020-05-22 13:30:00+00:00,4.840000152587891,4.980000019073486,4.599999904632568,4.829999923706055
2020-05-26 13:30:00+00:00,5.130000114440918,5.230000019073486,4.940000057220459,5.0
2020-05-27 13:30:00+00:00,4.980000019073486,4.980000019073486,4.650000095367432,4.710000038146973
2020-05-28 13:30:00+00:00,4.75,4.760000228881836,4.679999828338623,4.699999809265137
2020-05-29 13:30:00+00:00,4.699999809265137,4.800000190734863,4.510000228881836,4.699999809265137
2020-06-01 13:30:00+00:00,4.71999979019165,4.840000152587891,4.71999979019165,4.809999942779541
2020-06-02 13:30:00+00:00,4.840000152587891,5.03000020980835,4.75,5.010000228881836
2020-06-03 13:30:00+00:00,5.059999942779541,5.099999904632568,4.920000076293945,5.0
2020-06-04 13:30:00+00:00,5.079999923706055,5.300000190734863,5.039999961853027,5.289999961853027
2020-06-05 13:30:00+00:00,5.380000114440918,5.440000057220459,5.28000020980835,5.349999904632568
2020-06-08 13:30:00+00:00,5.420000076293945,5.619999885559082,5.260000228881836,5.289999961853027
2020-06-09 13:30:00+00:00,5.25,5.28000020980835,5.079999923706055,5.190000057220459
2020-06-10 13:30:00+00:00,5.159999847412109,5.199999809265137,4.800000190734863,5.03000020980835
2020-06-11 13:30:00+00:00,4.809999942779541,4.869999885559082,4.610000133514404,4.769999980926514
2020-06-12 13:30:00+00:00,4.880000114440918,5.090000152587891,4.840000152587891,4.960000038146973
2020-06-15 13:30:00+00:00,4.909999847412109,5.380000114440918,4.880000114440918,5.079999923706055
2020-06-16 13:30:00+00:00,5.099999904632568,5.210000038146973,4.900000095367432,5.119999885559082
2020-06-17 13:30:00+00:00,5.119999885559082,5.210000038146973,5.039999961853027,5.119999885559082
2020-06-18 13:30:00+00:00,5.079999923706055,5.099999904632568,4.880000114440918,5.010000228881836
2020-06-19 13:30:00+00:00,5.059999942779541,5.269999980926514,4.840000152587891,4.909999847412109
2020-06-22 13:30:00+00:00,4.900000095367432,4.900000095367432,4.71999979019165,4.75
2020-06-23 13:30:00+00:00,4.820000171661377,4.920000076293945,4.630000114440918,4.880000114440918
2020-06-24 13:30:00+00:00,4.829999923706055,4.909999847412109,4.630000114440918,4.889999866485596
2020-06-25 13:30:00+00:00,4.75,5.199999809265137,4.650000095367432,4.96999979019165
2020-06-26 13:30:00+00:00,4.920000076293945,4.960000038146973,4.420000076293945,4.699999809265137
2020-06-29 13:30:00+00:00,4.519999980926514,4.570000171661377,4.340000152587891,4.519999980926514
2020-06-30 13:30:00+00:00,4.480000019073486,4.670000076293945,4.389999866485596,4.619999885559082
2020-07-01 13:30:00+00:00,4.519999980926514,4.650000095367432,4.5,4.579999923706055
2020-07-02 13:30:00+00:00,4.53000020980835,4.599999904632568,4.449999809265137,4.53000020980835
2020-07-06 13:30:00+00:00,4.630000114440918,4.690000057220459,4.510000228881836,4.650000095367432
2020-07-07 13:30:00+00:00,4.599999904632568,4.639999866485596,4.389999866485596,4.420000076293945
2020-07-08 13:30:00+00:00,4.460000038146973,4.460000038146973,4.110000133514404,4.320000171661377
2020-07-09 13:30:00+00:00,4.329999923706055,4.340000152587891,4.070000171661377,4.110000133514404
2020-07-10 13:30:00+00:00,4.110000133514404,4.340000152587891,4.059999942779541,4.320000171661377
2020-07-13 13:30:00+00:00,4.409999847412109,4.409999847412109,4.010000228881836,4.139999866485596
2020-07-14 13:30:00+00:00,4.139999866485596,4.179999828338623,3.950000047683716,4.099999904632568
2020-07-15 13:30:00+00:00,4.170000076293945,4.320000171661377,4.110000133514404,4.309999942779541
2020-07-16 13:30:00+00:00,4.28000020980835,4.340000152587891,4.199999809265137,4.320000171661377
2020-07-17 13:30:00+00:00,4.300000190734863,4.46999979019165,4.300000190734863,4.409999847412109
2020-07-20 13:30:00+00:00,4.409999847412109,4.539999961853027,4.409999847412109,4.460000038146973
2020-07-21 13:30:00+00:00,4.550000190734863,4.670000076293945,4.420000076293945,4.460000038146973
2020-07-22 13:30:00+00:00,4.440000057220459,4.690000057220459,4.349999904632568,4.449999809265137
2020-07-23 13:30:00+00:00,4.46999979019165,4.519999980926514,4.25,4.309999942779541
2020-07-24 13:30:00+00:00,4.289999961853027,4.289999961853027,4.059999942779541,4.170000076293945
2020-07-27 13:30:00+00:00,4.28000020980835,4.610000133514404,4.260000228881836,4.610000133514404
2020-07-28 13:30:00+00:00,4.730000019073486,4.730000019073486,4.389999866485596,4.46999979019165
2020-07-29 13:30:00+00:00,4.409999847412109,4.489999771118164,4.329999923706055,4.480000019073486
2020-07-30 13:30:00+00:00,4.46999979019165,4.579999923706055,4.360000133514404,4.579999923706055
2020-07-31 13:30:00+00:00,4.550000190734863,4.550000190734863,4.309999942779541,4.480000019073486
2020-08-03 13:30:00+00:00,5.210000038146973,5.710000038146973,5.150000095367432,5.400000095367432
2020-08-04 13:30:00+00:00,5.769999980926514,6.190000057220459,5.659999847412109,5.949999809265137
2020-08-05 13:30:00+00:00,6.239999771118164,6.28000020980835,5.840000152587891,6.0
2020-08-06 13:30:00+00:00,6.5,6.5,5.829999923706055,5.989999771118164
2020-08-07 13:30:00+00:00,6.110000133514404,6.130000114440918,6.0,6.079999923706055
2020-08-10 13:30:00+00:00,6.110000133514404,6.519999980926514,6.110000133514404,6.5
2020-08-11 13:30:00+00:00,6.650000095367432,6.880000114440918,6.519999980926514,6.730000019073486
2020-08-12 13:30:00+00:00,6.820000171661377,6.920000076293945,5.429999828338623,6.119999885559082
2020-08-13 13:30:00+00:00,6.059999942779541,6.340000152587891,5.789999961853027,6.28000020980835
2020-08-14 13:30:00+00:00,6.260000228881836,6.28000020980835,5.909999847412109,6.019999980926514
2020-08-17 13:30:00+00:00,6.130000114440918,6.25,6.099999904632568,6.190000057220459
2020-08-18 13:30:00+00:00,6.349999904632568,6.360000133514404,6.03000020980835,6.090000152587891
2020-08-19 13:30:00+00:00,6.159999847412109,6.239999771118164,5.769999980926514,5.949999809265137
2020-08-20 13:30:00+00:00,5.840000152587891,6.03000020980835,5.75,5.809999942779541
2020-08-21 13:30:00+00:00,5.760000228881836,5.960000038146973,5.659999847412109,5.78000020980835
2020-08-24 13:30:00+00:00,6.019999980926514,6.090000152587891,5.710000038146973,5.820000171661377
2020-08-25 13:30:00+00:00,5.829999923706055,5.829999923706055,5.510000228881836,5.670000076293945
2020-08-26 13:30:00+00:00,5.670000076293945,5.78000020980835,5.559999942779541,5.559999942779541
2020-08-27 13:30:00+00:00,5.579999923706055,5.639999866485596,5.400000095367432,5.420000076293945
2020-08-28 13:30:00+00:00,5.420000076293945,5.590000152587891,5.380000114440918,5.559999942779541
2020-08-31 13:30:00+00:00,5.579999923706055,5.670000076293945,5.480000019073486,5.619999885559082
2020-09-01 13:30:00+00:00,5.599999904632568,5.610000133514404,5.179999828338623,5.369999885559082
2020-09-02 13:30:00+00:00,5.28000020980835,5.650000095367432,5.170000076293945,5.590000152587891
2020-09-03 13:30:00+00:00,5.599999904632568,5.769999980926514,5.300000190734863,5.619999885559082
2020-09-04 13:30:00+00:00,5.690000057220459,5.690000057220459,5.28000020980835,5.349999904632568
2020-09-08 13:30:00+00:00,5.199999809265137,5.460000038146973,5.130000114440918,5.309999942779541
2020-09-09 13:30:00+00:00,5.360000133514404,5.559999942779541,5.360000133514404,5.5
2020-09-10 13:30:00+00:00,5.389999866485596,5.539999961853027,5.329999923706055,5.360000133514404
2020-09-11 13:30:00+00:00,5.380000114440918,5.480000019073486,5.239999771118164,5.329999923706055
2020-09-14 13:30:00+00:00,5.360000133514404,5.670000076293945,5.360000133514404,5.449999809265137
2020-09-15 13:30:00+00:00,5.5,5.840000152587891,5.460000038146973,5.730000019073486
2020-09-16 13:30:00+00:00,5.739999771118164,6.110000133514404,5.739999771118164,6.0
2020-09-17 13:30:00+00:00,5.96999979019165,6.389999866485596,5.880000114440918,6.349999904632568
2020-09-18 13:30:00+00:00,6.440000057220459,6.440000057220459,5.929999828338623,5.960000038146973
2020-09-21 13:30:00+00:00,5.559999942779541,5.880000114440918,5.53000020980835,5.769999980926514
2020-09-22 13:30:00+00:00,5.75,5.760000228881836,5.610000133514404,5.739999771118164
2020-09-23 13:30:00+00:00,5.679999828338623,5.739999771118164,5.440000057220459,5.46999979019165
2020-09-24 13:30:00+00:00,5.369999885559082,5.630000114440918,5.309999942779541,5.519999980926514
2020-09-25 13:30:00+00:00,5.480000019073486,5.630000114440918,5.480000019073486,5.539999961853027
2020-09-28 13:30:00+00:00,5.590000152587891,5.760000228881836,5.519999980926514,5.670000076293945
2020-09-29 13:30:00+00:00,5.630000114440918,5.75,5.590000152587891,5.679999828338623
2020-09-30 13:30:00+00:00,5.679999828338623,5.739999771118164,5.510000228881836,5.630000114440918
2020-10-01 13:30:00+00:00,5.730000019073486,5.760000228881836,5.420000076293945,5.440000057220459
2020-10-02 13:30:00+00:00,5.25,5.550000190734863,5.150000095367432,5.449999809265137
2020-10-05 13:30:00+00:00,5.480000019073486,5.769999980926514,5.480000019073486,5.71999979019165
2020-10-06 13:30:00+00:00,5.739999771118164,5.869999885559082,5.71999979019165,5.809999942779541
2020-10-07 13:30:00+00:00,5.78000020980835,5.940000057220459,5.699999809265137,5.880000114440918
2020-10-08 13:30:00+00:00,6.0,6.010000228881836,5.920000076293945,5.960000038146973
2020-10-09 13:30:00+00:00,6.230000019073486,6.289999961853027,6.070000171661377,6.260000228881836
2020-10-12 13:30:00+00:00,6.5,6.699999809265137,6.349999904632568,6.690000057220459
2020-10-13 13:30:00+00:00,6.619999885559082,6.679999828338623,6.489999771118164,6.579999923706055
2020-10-14 13:30:00+00:00,6.550000190734863,6.75,6.300000190734863,6.369999885559082
2020-10-15 13:30:00+00:00,6.25,6.429999828338623,6.079999923706055,6.309999942779541
2020-10-16 13:30:00+00:00,6.329999923706055,6.449999809265137,6.260000228881836,6.400000095367432
2020-10-19 13:30:00+00:00,6.440000057220459,6.489999771118164,6.25,6.289999961853027
2020-10-20 13:30:00+00:00,6.349999904632568,6.429999828338623,6.289999961853027,6.409999847412109
2020-10-21 13:30:00+00:00,6.349999904632568,6.670000076293945,6.329999923706055,6.510000228881836
2020-10-22 13:30:00+00:00,6.559999942779541,6.730000019073486,6.559999942779541,6.630000114440918
2020-10-23 13:30:00+00:00,6.690000057220459,6.860000133514404,6.639999866485596,6.78000020980835
2020-10-26 13:30:00+00:00,6.679999828338623,6.679999828338623,6.429999828338623,6.539999961853027
2020-10-27 13:30:00+00:00,6.510000228881836,6.510000228881836,6.25,6.329999923706055
2020-10-28 13:30:00+00:00,6.159999847412109,6.21999979019165,5.96999979019165,6.119999885559082
2020-10-29 13:30:00+00:00,6.039999961853027,6.070000171661377,5.78000020980835,6.010000228881836
2020-10-30 13:30:00+00:00,5.940000057220459,6.099999904632568,5.880000114440918,6.050000190734863
2020-11-02 14:30:00+00:00,6.150000095367432,6.210000038146973,6.039999961853027,6.099999904632568
2020-11-03 14:30:00+00:00,6.21999979019165,6.429999828338623,6.130000114440918,6.309999942779541
2020-11-04 14:30:00+00:00,6.269999980926514,6.360000133514404,5.980000019073486,6.0
2020-11-05 14:30:00+00:00,5.989999771118164,5.989999771118164,5.78000020980835,5.869999885559082
2020-11-06 14:30:00+00:00,5.840000152587891,6.130000114440918,5.78000020980835,6.019999980926514
2020-11-09 14:30:00+00:00,6.5,7.460000038146973,6.5,7.210000038146973
2020-11-10 14:30:00+00:00,7.119999885559082,7.710000038146973,7.039999961853027,7.380000114440918
2020-11-11 14:30:00+00:00,7.170000076293945,7.289999961853027,7.050000190734863,7.199999809265137
2020-11-12 14:30:00+00:00,7.0,7.010000228881836,6.71999979019165,6.789999961853027
2020-11-13 14:30:00+00:00,6.869999885559082,7.0,6.869999885559082,6.960000038146973
2020-11-16 14:30:00+00:00,6.949999809265137,7.0,6.869999885559082,6.989999771118164
2020-11-17 14:30:00+00:00,6.880000114440918,7.0,6.789999961853027,6.849999904632568
2020-11-18 14:30:00+00:00,6.96999979019165,7.0,6.619999885559082,6.699999809265137
2020-11-19 14:30:00+00:00,6.610000133514404,7.0,6.610000133514404,6.989999771118164
2020-11-20 14:30:00+00:00,6.900000095367432,7.269999980926514,6.889999866485596,7.230000019073486
2020-11-23 14:30:00+00:00,6.929999828338623,7.340000152587891,6.849999904632568,7.199999809265137
2020-11-24 14:30:00+00:00,7.349999904632568,7.829999923706055,7.269999980926514,7.380000114440918
2020-11-25 14:30:00+00:00,7.400000095367432,7.489999771118164,7.03000020980835,7.050000190734863
2020-11-27 14:30:00+00:00,7.090000152587891,7.099999904632568,6.78000020980835,6.929999828338623
2020-11-30 14:30:00+00:00,7.050000190734863,7.079999923706055,6.690000057220459,6.880000114440918
2020-12-01 14:30:00+00:00,6.929999828338623,6.960000038146973,6.670000076293945,6.900000095367432
2020-12-02 14:30:00+00:00,6.639999866485596,6.900000095367432,6.619999885559082,6.820000171661377
2020-12-03 14:30:00+00:00,6.889999866485596,6.949999809265137,6.599999904632568,6.760000228881836
2020-12-04 14:30:00+00:00,6.849999904632568,6.989999771118164,6.789999961853027,6.980000019073486
2020-12-07 14:30:00+00:00,7.050000190734863,7.050000190734863,6.760000228881836,6.849999904632568
2020-12-08 14:30:00+00:00,6.789999961853027,6.940000057220459,6.760000228881836,6.929999828338623
2020-12-09 14:30:00+00:00,6.980000019073486,7.010000228881836,6.769999980926514,6.820000171661377
2020-12-10 14:30:00+00:00,6.860000133514404,6.880000114440918,6.550000190734863,6.840000152587891
2020-12-11 14:30:00+00:00,6.800000190734863,6.829999923706055,6.579999923706055,6.699999809265137
2020-12-14 14:30:00+00:00,6.699999809265137,6.699999809265137,6.510000228881836,6.590000152587891
2020-12-15 14:30:00+00:00,6.579999923706055,6.829999923706055,6.519999980926514,6.760000228881836
2020-12-16 14:30:00+00:00,6.849999904632568,6.849999904632568,6.519999980926514,6.639999866485596
2020-12-17 14:30:00+00:00,6.659999847412109,7.199999809265137,6.579999923706055,7.079999923706055
2020-12-18 14:30:00+00:00,7.079999923706055,7.96999979019165,7.079999923706055,7.829999923706055
2020-12-21 14:30:00+00:00,7.550000190734863,7.630000114440918,7.329999923706055,7.420000076293945
2020-12-22 14:30:00+00:00,7.409999847412109,7.5,7.230000019073486,7.380000114440918
2020-12-23 14:30:00+00:00,7.440000057220459,7.639999866485596,7.25,7.489999771118164
2020-12-24 14:30:00+00:00,7.510000228881836,7.630000114440918,7.440000057220459,7.46999979019165
2020-12-28 14:30:00+00:00,7.730000019073486,7.900000095367432,7.460000038146973,7.519999980926514
2020-12-29 14:30:00+00:00,7.710000038146973,7.75,7.139999866485596,7.28000020980835
2020-12-30 14:30:00+00:00,7.340000152587891,7.400000095367432,7.159999847412109,7.179999828338623
2020-12-31 14:30:00+00:00,7.599999904632568,7.610000133514404,7.309999942779541,7.429999828338623
2021-01-04 14:30:00+00:00,7.860000133514404,7.929999828338623,7.659999847412109,7.699999809265137
2021-01-05 14:30:00+00:00,7.800000190734863,8.199999809265137,7.789999961853027,8.100000381469727
2021-01-06 14:30:00+00:00,8.100000381469727,8.539999961853027,8.050000190734863,8.390000343322754
2021-01-07 14:30:00+00:00,8.550000190734863,8.899999618530273,8.510000228881836,8.65999984741211
2021-01-08 14:30:00+00:00,8.760000228881836,8.789999961853027,8.079999923706055,8.449999809265137
2021-01-11 14:30:00+00:00,8.399999618530273,8.949999809265137,8.390000343322754,8.789999961853027
2021-01-12 14:30:00+00:00,8.699999809265137,9.140000343322754,8.699999809265137,8.960000038146973
2021-01-13 14:30:00+00:00,8.859999656677246,9.300000190734863,8.65999984741211,8.880000114440918
2021-01-14 14:30:00+00:00,8.65999984741211,9.329999923706055,8.65999984741211,9.020000457763672
2021-01-15 14:30:00+00:00,8.9399995803833,8.979999542236328,8.449999809265137,8.59000015258789
2021-01-19 14:30:00+00:00,8.600000381469727,8.880000114440918,8.5600004196167,8.779999732971191
2021-01-20 14:30:00+00:00,8.84000015258789,8.84000015258789,8.449999809265137,8.5
2021-01-21 14:30:00+00:00,8.449999809265137,8.569999694824219,8.300000190734863,8.449999809265137
2021-01-22 14:30:00+00:00,8.329999923706055,8.460000038146973,8.199999809265137,8.40999984741211
2021-01-25 14:30:00+00:00,8.25,8.390000343322754,7.710000038146973,7.929999828338623
2021-01-26 14:30:00+00:00,7.929999828338623,8.859999656677246,7.929999828338623,8.630000114440918
2021-01-27 14:30:00+00:00,8.289999961853027,8.420000076293945,7.860000133514404,8.010000228881836
2021-01-28 14:30:00+00:00,6.949999809265137,7.239999771118164,6.260000228881836,6.809999942779541
2021-01-29 14:30:00+00:00,6.909999847412109,7.320000171661377,6.789999961853027,7.099999904632568
2021-02-01 14:30:00+00:00,7.25,7.5,7.010000228881836,7.260000228881836
2021-02-02 14:30:00+00:00,7.369999885559082,7.619999885559082,6.880000114440918,7.019999980926514
2021-02-03 14:30:00+00:00,7.070000171661377,7.150000095367432,6.800000190734863,6.889999866485596
2021-02-04 14:30:00+00:00,6.869999885559082,7.199999809265137,6.679999828338623,7.110000133514404
2021-02-05 14:30:00+00:00,7.159999847412109,7.829999923706055,7.019999980926514,7.679999828338623
2021-02-08 14:30:00+00:00,7.980000019073486,8.300000190734863,7.860000133514404,8.260000228881836
2021-02-09 14:30:00+00:00,8.479999542236328,8.619999885559082,8.100000381469727,8.15999984741211
2021-02-10 14:30:00+00:00,8.220000267028809,8.399999618530273,7.929999828338623,8.09000015258789
2021-02-11 14:30:00+00:00,8.390000343322754,8.5600004196167,7.590000152587891,7.820000171661377
2021-02-12 14:30:00+00:00,7.860000133514404,8.050000190734863,7.650000095367432,7.960000038146973
2021-02-16 14:30:00+00:00,8.09000015258789,8.229999542236328,8.0,8.069999694824219
2021-02-17 14:30:00+00:00,8.149999618530273,8.239999771118164,7.480000019073486,7.909999847412109
2021-02-18 14:30:00+00:00,7.809999942779541,7.989999771118164,7.489999771118164,7.71999979019165
2021-02-19 14:30:00+00:00,7.75,8.020000457763672,7.739999771118164,7.900000095367432
2021-02-22 14:30:00+00:00,7.980000019073486,8.100000381469727,7.639999866485596,7.679999828338623
2021-02-23 14:30:00+00:00,7.5,7.659999847412109,7.130000114440918,7.550000190734863
2021-02-24 14:30:00+00:00,7.869999885559082,8.149999618530273,7.579999923706055,8.050000190734863
2021-02-25 14:30:00+00:00,8.220000267028809,8.680000305175781,7.730000019073486,7.889999866485596
2021-02-26 14:30:00+00:00,8.119999885559082,8.279999732971191,7.789999961853027,7.869999885559082
2021-03-01 14:30:00+00:00,8.1899995803833,8.59000015258789,8.149999618530273,8.489999771118164
2021-03-02 14:30:00+00:00,8.59000015258789,8.680000305175781,8.220000267028809,8.289999961853027
2021-03-03 14:30:00+00:00,8.329999923706055,8.869999885559082,8.109999656677246,8.779999732971191
2021-03-04 14:30:00+00:00,8.899999618530273,9.550000190734863,8.5600004196167,8.680000305175781
2021-03-05 14:30:00+00:00,8.800000190734863,8.90999984741211,8.079999923706055,8.6899995803833
2021-03-08 14:30:00+00:00,8.550000190734863,8.569999694824219,8.09000015258789,8.270000457763672
2021-03-09 14:30:00+00:00,8.34000015258789,8.880000114440918,8.34000015258789,8.699999809265137
2021-03-10 14:30:00+00:00,8.770000457763672,8.979999542236328,8.699999809265137,8.859999656677246
2021-03-11 14:30:00+00:00,8.899999618530273,9.350000381469727,8.84000015258789,9.0
2021-03-12 14:30:00+00:00,8.989999771118164,9.149999618530273,8.729999542236328,8.880000114440918
2021-03-15 13:30:00+00:00,8.720000267028809,9.149999618530273,8.59000015258789,9.050000190734863
2021-03-16 13:30:00+00:00,9.170000076293945,9.199999809265137,8.720000267028809,8.800000190734863
2021-03-17 13:30:00+00:00,8.760000228881836,9.119999885559082,8.640000343322754,9.100000381469727
2021-03-18 13:30:00+00:00,9.119999885559082,9.34000015258789,8.760000228881836,8.760000228881836
2021-03-19 13:30:00+00:00,8.770000457763672,9.0600004196167,8.380000114440918,8.630000114440918
2021-03-22 13:30:00+00:00,8.529999732971191,8.550000190734863,7.920000076293945,8.119999885559082
2021-03-23 13:30:00+00:00,8.210000038146973,8.3100004196167,7.800000190734863,8.050000190734863
2021-03-24 13:30:00+00:00,8.170000076293945,8.510000228881836,8.039999961853027,8.229999542236328
2021-03-25 13:30:00+00:00,8.1899995803833,8.680000305175781,8.100000381469727,8.600000381469727
2021-03-26 13:30:00+00:00,8.529999732971191,8.9399995803833,8.390000343322754,8.9399995803833
2021-03-29 13:30:00+00:00,8.899999618530273,9.170000076293945,8.34000015258789,8.380000114440918
2021-03-30 13:30:00+00:00,8.359999656677246,8.359999656677246,8.0,8.329999923706055
2021-03-31 13:30:00+00:00,8.25,8.359999656677246,8.109999656677246,8.220000267028809
2021-04-01 13:30:00+00:00,8.270000457763672,8.65999984741211,8.140000343322754,8.59000015258789
2021-04-05 13:30:00+00:00,8.550000190734863,8.59000015258789,8.100000381469727,8.300000190734863
2021-04-06 13:30:00+00:00,8.15999984741211,8.369999885559082,8.149999618530273,8.220000267028809
2021-04-07 13:30:00+00:00,8.1899995803833,8.1899995803833,7.760000228881836,7.820000171661377
2021-04-08 13:30:00+00:00,8.0,8.09000015258789,7.78000020980835,8.029999732971191
2021-04-09 13:30:00+00:00,8.0,8.09000015258789,7.869999885559082,8.079999923706055
2021-04-12 13:30:00+00:00,8.100000381469727,8.149999618530273,7.960000038146973,8.010000228881836
2021-04-13 13:30:00+00:00,8.119999885559082,8.1899995803833,8.0,8.029999732971191
2021-04-14 13:30:00+00:00,8.15999984741211,8.15999984741211,7.960000038146973,8.010000228881836
2021-04-15 13:30:00+00:00,8.09000015258789,8.779999732971191,7.710000038146973,8.680000305175781
2021-04-16 13:30:00+00:00,8.680000305175781,8.739999771118164,8.149999618530273,8.239999771118164
2021-04-19 13:30:00+00:00,8.15999984741211,8.15999984741211,7.849999904632568,7.960000038146973
2021-04-20 13:30:00+00:00,7.920000076293945,8.010000228881836,7.809999942779541,7.940000057220459
2021-04-21 13:30:00+00:00,7.869999885559082,8.039999961853027,7.690000057220459,7.789999961853027
2021-04-22 13:30:00+00:00,7.789999961853027,7.789999961853027,7.449999809265137,7.650000095367432
2021-04-23 13:30:00+00:00,7.519999980926514,7.989999771118164,7.519999980926514,7.920000076293945
2021-04-26 13:30:00+00:00,7.929999828338623,8.279999732971191,7.929999828338623,8.180000305175781
2021-04-27 13:30:00+00:00,8.15999984741211,8.239999771118164,8.010000228881836,8.149999618530273
2021-04-28 13:30:00+00:00,8.130000114440918,8.199999809265137,7.960000038146973,8.079999923706055
2021-04-29 13:30:00+00:00,8.109999656677246,8.1899995803833,7.849999904632568,7.869999885559082
2021-04-30 13:30:00+00:00,7.730000019073486,7.78000020980835,7.489999771118164,7.559999942779541
2021-05-03 13:30:00+00:00,7.630000114440918,7.630000114440918,7.309999942779541,7.329999923706055
2021-05-04 13:30:00+00:00,7.400000095367432,7.440000057220459,6.920000076293945,7.130000114440918
2021-05-05 13:30:00+00:00,6.980000019073486,7.389999866485596,6.940000057220459,7.03000020980835
2021-05-06 13:30:00+00:00,6.989999771118164,7.03000020980835,6.5,6.690000057220459
2021-05-07 13:30:00+00:00,6.639999866485596,7.0,6.590000152587891,6.760000228881836
2021-05-10 13:30:00+00:00,6.760000228881836,6.760000228881836,6.21999979019165,6.340000152587891
2021-05-11 13:30:00+00:00,6.179999828338623,6.519999980926514,6.099999904632568,6.369999885559082
2021-05-12 13:30:00+00:00,6.25,6.380000114440918,6.099999904632568,6.25
2021-05-13 13:30:00+00:00,6.25,6.420000076293945,6.21999979019165,6.349999904632568
2021-05-14 13:30:00+00:00,6.389999866485596,6.559999942779541,6.329999923706055,6.510000228881836
2021-05-17 13:30:00+00:00,7.239999771118164,7.440000057220459,6.860000133514404,6.929999828338623
2021-05-18 13:30:00+00:00,7.079999923706055,7.409999847412109,6.949999809265137,7.019999980926514
2021-05-19 13:30:00+00:00,7.010000228881836,7.039999961853027,6.639999866485596,6.820000171661377
2021-05-20 13:30:00+00:00,7.0,7.139999866485596,6.75,7.070000171661377
2021-05-21 13:30:00+00:00,7.159999847412109,7.409999847412109,6.920000076293945,6.960000038146973
2021-05-24 13:30:00+00:00,6.929999828338623,6.929999828338623,6.659999847412109,6.75
2021-05-25 13:30:00+00:00,6.789999961853027,6.820000171661377,6.46999979019165,6.489999771118164
2021-05-26 13:30:00+00:00,6.559999942779541,6.659999847412109,6.420000076293945,6.610000133514404
2021-05-27 13:30:00+00:00,6.610000133514404,6.900000095367432,6.610000133514404,6.75
2021-05-28 13:30:00+00:00,6.789999961853027,6.929999828338623,6.71999979019165,6.739999771118164
2021-06-01 13:30:00+00:00,6.78000020980835,6.860000133514404,6.679999828338623,6.71999979019165
2021-06-02 13:30:00+00:00,6.71999979019165,6.730000019073486,6.539999961853027,6.659999847412109
2021-06-03 13:30:00+00:00,6.690000057220459,6.940000057220459,6.690000057220459,6.78000020980835
2021-06-04 13:30:00+00:00,6.820000171661377,6.920000076293945,6.739999771118164,6.889999866485596
2021-06-07 13:30:00+00:00,6.860000133514404,7.039999961853027,6.829999923706055,6.929999828338623
2021-06-08 13:30:00+00:00,6.900000095367432,7.039999961853027,6.889999866485596,6.960000038146973
2021-06-09 13:30:00+00:00,6.940000057220459,7.0,6.900000095367432,6.949999809265137
2021-06-10 13:30:00+00:00,6.900000095367432,6.980000019073486,6.829999923706055,6.840000152587891
2021-06-11 13:30:00+00:00,6.840000152587891,6.940000057220459,6.800000190734863,6.889999866485596
2021-06-14 13:30:00+00:00,6.96999979019165,7.389999866485596,6.96999979019165,7.309999942779541
2021-06-15 13:30:00+00:00,7.329999923706055,7.550000190734863,7.28000020980835,7.320000171661377
2021-06-16 13:30:00+00:00,7.400000095367432,7.550000190734863,7.329999923706055,7.480000019073486
2021-06-17 13:30:00+00:00,7.46999979019165,7.739999771118164,7.179999828338623,7.199999809265137
2021-06-18 13:30:00+00:00,7.139999866485596,7.389999866485596,7.03000020980835,7.079999923706055
2021-06-21 13:30:00+00:00,7.119999885559082,7.119999885559082,6.75,6.920000076293945
2021-06-22 13:30:00+00:00,6.869999885559082,7.039999961853027,6.75,7.03000020980835
2021-06-23 13:30:00+00:00,7.050000190734863,7.070000171661377,6.949999809265137,7.019999980926514
2021-06-24 13:30:00+00:00,7.03000020980835,7.090000152587891,6.849999904632568,7.010000228881836
2021-06-25 13:30:00+00:00,7.010000228881836,7.300000190734863,6.849999904632568,7.269999980926514
2021-06-28 13:30:00+00:00,7.239999771118164,7.46999979019165,7.170000076293945,7.380000114440918
2021-06-29 13:30:00+00:00,7.340000152587891,7.570000171661377,7.230000019073486,7.510000228881836
2021-06-30 13:30:00+00:00,7.489999771118164,7.489999771118164,7.119999885559082,7.199999809265137
2021-07-01 13:30:00+00:00,7.179999828338623,7.289999961853027,6.980000019073486,7.019999980926514
2021-07-02 13:30:00+00:00,7.070000171661377,7.090000152587891,6.900000095367432,6.980000019073486
2021-07-06 13:30:00+00:00,6.96999979019165,6.980000019073486,6.869999885559082,6.909999847412109
2021-07-07 13:30:00+00:00,6.909999847412109,6.929999828338623,6.809999942779541,6.860000133514404
2021-07-08 13:30:00+00:00,6.659999847412109,6.929999828338623,6.610000133514404,6.820000171661377
2021-07-09 13:30:00+00:00,6.849999904632568,6.900000095367432,6.820000171661377,6.869999885559082
2021-07-12 13:30:00+00:00,6.849999904632568,6.900000095367432,6.760000228881836,6.849999904632568
2021-07-13 13:30:00+00:00,6.849999904632568,7.0,6.78000020980835,6.929999828338623
2021-07-14 13:30:00+00:00,6.929999828338623,7.070000171661377,6.789999961853027,6.949999809265137
2021-07-15 13:30:00+00:00,6.829999923706055,6.949999809265137,6.699999809265137,6.929999828338623
2021-07-16 13:30:00+00:00,6.940000057220459,7.019999980926514,6.849999904632568,6.880000114440918
2021-07-19 13:30:00+00:00,6.730000019073486,6.869999885559082,6.659999847412109,6.840000152587891
2021-07-20 13:30:00+00:00,6.800000190734863,7.110000133514404,6.800000190734863,6.989999771118164
2021-07-21 13:30:00+00:00,7.03000020980835,7.289999961853027,6.929999828338623,7.210000038146973
2021-07-22 13:30:00+00:00,7.28000020980835,7.369999885559082,7.010000228881836,7.110000133514404
2021-07-23 13:30:00+00:00,7.059999942779541,7.210000038146973,6.960000038146973,7.139999866485596
2021-07-26 13:30:00+00:00,7.21999979019165,7.21999979019165,6.820000171661377,6.860000133514404
2021-07-27 13:30:00+00:00,6.739999771118164,6.789999961853027,6.559999942779541,6.639999866485596
2021-07-28 13:30:00+00:00,6.579999923706055,6.820000171661377,6.550000190734863,6.789999961853027
2021-07-29 13:30:00+00:00,6.630000114440918,6.949999809265137,6.599999904632568,6.670000076293945
2021-07-30 13:30:00+00:00,6.619999885559082,6.840000152587891,6.559999942779541,6.809999942779541
2021-08-02 13:30:00+00:00,6.78000020980835,6.960000038146973,6.75,6.760000228881836
2021-08-03 13:30:00+00:00,6.809999942779541,6.960000038146973,6.619999885559082,6.909999847412109
2021-08-04 13:30:00+00:00,6.800000190734863,6.849999904632568,6.559999942779541,6.760000228881836
2021-08-05 13:30:00+00:00,6.630000114440918,7.21999979019165,6.630000114440918,7.170000076293945
2021-08-06 13:30:00+00:00,7.170000076293945,7.230000019073486,7.059999942779541,7.070000171661377
2021-08-09 13:30:00+00:00,7.059999942779541,7.239999771118164,6.909999847412109,7.210000038146973
2021-08-10 13:30:00+00:00,7.239999771118164,7.380000114440918,7.170000076293945,7.199999809265137
2021-08-11 13:30:00+00:00,7.170000076293945,7.340000152587891,7.139999866485596,7.230000019073486
2021-08-12 13:30:00+00:00,7.21999979019165,7.21999979019165,7.019999980926514,7.059999942779541
2021-08-13 13:30:00+00:00,7.039999961853027,7.090000152587891,6.800000190734863,6.889999866485596
2021-08-16 13:30:00+00:00,6.800000190734863,6.900000095367432,6.739999771118164,6.829999923706055
2021-08-17 13:30:00+00:00,6.679999828338623,6.840000152587891,6.659999847412109,6.809999942779541
2021-08-18 13:30:00+00:00,6.860000133514404,7.099999904632568,6.820000171661377,7.019999980926514
2021-08-19 13:30:00+00:00,6.909999847412109,6.989999771118164,6.659999847412109,6.690000057220459
2021-08-20 13:30:00+00:00,6.739999771118164,6.789999961853027,6.690000057220459,6.739999771118164
2021-08-23 13:30:00+00:00,6.739999771118164,6.929999828338623,6.579999923706055,6.849999904632568
2021-08-24 13:30:00+00:00,6.900000095367432,6.960000038146973,6.860000133514404,6.920000076293945
2021-08-25 13:30:00+00:00,6.949999809265137,7.150000095367432,6.889999866485596,7.130000114440918
2021-08-26 13:30:00+00:00,7.059999942779541,7.179999828338623,6.960000038146973,7.0
2021-08-27 13:30:00+00:00,6.920000076293945,7.190000057220459,6.920000076293945,7.059999942779541
2021-08-30 13:30:00+00:00,6.869999885559082,7.139999866485596,6.860000133514404,7.050000190734863
2021-08-31 13:30:00+00:00,7.079999923706055,7.179999828338623,7.039999961853027,7.119999885559082
2021-09-01 13:30:00+00:00,7.119999885559082,7.289999961853027,7.079999923706055,7.239999771118164
2021-09-02 13:30:00+00:00,7.239999771118164,7.289999961853027,7.079999923706055,7.230000019073486
2021-09-03 13:30:00+00:00,7.239999771118164,7.269999980926514,7.010000228881836,7.039999961853027
2021-09-07 13:30:00+00:00,7.0,7.039999961853027,6.78000020980835,6.820000171661377
2021-09-08 13:30:00+00:00,6.769999980926514,6.960000038146973,6.760000228881836,6.940000057220459
2021-09-09 13:30:00+00:00,6.929999828338623,7.059999942779541,6.869999885559082,6.960000038146973
2021-09-10 13:30:00+00:00,6.989999771118164,7.099999904632568,6.860000133514404,6.880000114440918
2021-09-13 13:30:00+00:00,6.889999866485596,6.920000076293945,6.800000190734863,6.860000133514404
2021-09-14 13:30:00+00:00,6.900000095367432,6.980000019073486,6.840000152587891,6.940000057220459
2021-09-15 13:30:00+00:00,6.929999828338623,6.940000057220459,6.860000133514404,6.880000114440918
2021-09-16 13:30:00+00:00,6.869999885559082,7.070000171661377,6.840000152587891,6.920000076293945
2021-09-17 13:30:00+00:00,6.900000095367432,7.0,6.880000114440918,7.0
2021-09-20 13:30:00+00:00,6.900000095367432,6.929999828338623,6.739999771118164,6.809999942779541
2021-09-21 13:30:00+00:00,6.809999942779541,6.880000114440918,6.769999980926514,6.849999904632568
2021-09-22 13:30:00+00:00,6.849999904632568,7.090000152587891,6.849999904632568,6.949999809265137
2021-09-23 13:30:00+00:00,6.96999979019165,7.119999885559082,6.909999847412109,6.949999809265137
2021-09-24 13:30:00+00:00,6.960000038146973,6.989999771118164,6.829999923706055,6.900000095367432
2021-09-27 13:30:00+00:00,6.889999866485596,6.96999979019165,6.829999923706055,6.849999904632568
2021-09-28 13:30:00+00:00,6.840000152587891,6.989999771118164,6.739999771118164,6.829999923706055
2021-09-29 13:30:00+00:00,6.860000133514404,6.920000076293945,6.670000076293945,6.78000020980835
2021-09-30 13:30:00+00:00,6.78000020980835,6.860000133514404,6.659999847412109,6.699999809265137
2021-10-01 13:30:00+00:00,6.690000057220459,6.769999980926514,6.659999847412109,6.71999979019165
2021-10-04 13:30:00+00:00,6.659999847412109,6.730000019073486,6.599999904632568,6.679999828338623
2021-10-05 13:30:00+00:00,6.699999809265137,6.849999904632568,6.670000076293945,6.769999980926514
2021-10-06 13:30:00+00:00,6.71999979019165,6.75,6.659999847412109,6.730000019073486
2021-10-07 13:30:00+00:00,6.699999809265137,6.869999885559082,6.699999809265137,6.829999923706055
2021-10-08 13:30:00+00:00,6.809999942779541,7.0,6.630000114440918,6.78000020980835
2021-10-11 13:30:00+00:00,6.789999961853027,6.820000171661377,6.590000152587891,6.619999885559082
2021-10-12 13:30:00+00:00,6.630000114440918,6.809999942779541,6.570000171661377,6.610000133514404
2021-10-13 13:30:00+00:00,6.650000095367432,6.730000019073486,6.53000020980835,6.590000152587891
2021-10-14 13:30:00+00:00,6.599999904632568,6.75,6.559999942779541,6.619999885559082
2021-10-15 13:30:00+00:00,6.630000114440918,6.699999809265137,6.559999942779541,6.559999942779541
2021-10-18 13:30:00+00:00,6.5,6.610000133514404,6.449999809265137,6.579999923706055
2021-10-19 13:30:00+00:00,6.599999904632568,6.880000114440918,6.559999942779541,6.880000114440918
2021-10-20 13:30:00+00:00,6.849999904632568,6.880000114440918,6.760000228881836,6.769999980926514
2021-10-21 13:30:00+00:00,6.739999771118164,6.769999980926514,6.619999885559082,6.650000095367432
2021-10-22 13:30:00+00:00,6.650000095367432,6.670000076293945,6.550000190734863,6.630000114440918
2021-10-25 13:30:00+00:00,6.610000133514404,6.679999828338623,6.519999980926514,6.619999885559082
2021-10-26 13:30:00+00:00,6.630000114440918,6.730000019073486,6.570000171661377,6.630000114440918
2021-10-27 13:30:00+00:00,6.630000114440918,6.630000114440918,6.550000190734863,6.599999904632568
2021-10-28 13:30:00+00:00,6.599999904632568,6.699999809265137,6.550000190734863,6.670000076293945
2021-10-29 13:30:00+00:00,6.619999885559082,6.989999771118164,6.619999885559082,6.920000076293945
2021-11-01 13:30:00+00:00,6.909999847412109,7.019999980926514,6.909999847412109,7.010000228881836
2021-11-02 13:30:00+00:00,7.0,7.019999980926514,6.900000095367432,7.019999980926514
2021-11-03 13:30:00+00:00,6.980000019073486,7.239999771118164,6.960000038146973,7.179999828338623
2021-11-04 13:30:00+00:00,6.829999923706055,7.139999866485596,6.53000020980835,6.789999961853027
2021-11-05 13:30:00+00:00,6.699999809265137,6.940000057220459,6.690000057220459,6.829999923706055
2021-11-08 14:30:00+00:00,6.820000171661377,6.820000171661377,6.53000020980835,6.610000133514404
2021-11-09 14:30:00+00:00,6.639999866485596,6.800000190734863,6.550000190734863,6.739999771118164
2021-11-10 14:30:00+00:00,6.670000076293945,6.78000020980835,6.619999885559082,6.650000095367432
2021-11-11 14:30:00+00:00,6.679999828338623,6.679999828338623,6.559999942779541,6.619999885559082
2021-11-12 14:30:00+00:00,6.599999904632568,6.639999866485596,6.579999923706055,6.610000133514404
2021-11-15 14:30:00+00:00,6.619999885559082,6.650000095367432,6.5,6.599999904632568
2021-11-16 14:30:00+00:00,6.630000114440918,6.71999979019165,6.559999942779541,6.699999809265137
2021-11-17 14:30:00+00:00,6.699999809265137,6.739999771118164,6.559999942779541,6.699999809265137
2021-11-18 14:30:00+00:00,6.690000057220459,6.699999809265137,6.599999904632568,6.699999809265137
2021-11-19 14:30:00+00:00,6.659999847412109,6.699999809265137,6.440000057220459,6.460000038146973
2021-11-22 14:30:00+00:00,6.5,6.5,6.210000038146973,6.360000133514404
2021-11-23 14:30:00+00:00,6.329999923706055,6.349999904632568,6.21999979019165,6.260000228881836
2021-11-24 14:30:00+00:00,6.239999771118164,6.340000152587891,6.159999847412109,6.340000152587891
2021-11-26 14:30:00+00:00,6.199999809265137,6.230000019073486,6.099999904632568,6.230000019073486
2021-11-29 14:30:00+00:00,6.230000019073486,6.230000019073486,6.090000152587891,6.090000152587891
2021-11-30 14:30:00+00:00,6.050000190734863,6.119999885559082,5.920000076293945,6.099999904632568
2021-12-01 14:30:00+00:00,6.230000019073486,6.400000095367432,6.0,6.090000152587891
2021-12-02 14:30:00+00:00,6.050000190734863,6.190000057220459,5.949999809265137,6.119999885559082
2021-12-03 14:30:00+00:00,6.150000095367432,6.190000057220459,5.960000038146973,6.03000020980835
2021-12-06 14:30:00+00:00,6.03000020980835,6.239999771118164,6.03000020980835,6.230000019073486
2021-12-07 14:30:00+00:00,6.260000228881836,6.429999828338623,6.239999771118164,6.25
2021-12-08 14:30:00+00:00,6.28000020980835,6.449999809265137,6.260000228881836,6.429999828338623
2021-12-09 14:30:00+00:00,6.360000133514404,6.5,6.269999980926514,6.400000095367432
2021-12-10 14:30:00+00:00,6.53000020980835,6.53000020980835,6.340000152587891,6.389999866485596
2021-12-13 14:30:00+00:00,6.329999923706055,6.369999885559082,5.400000095367432,5.730000019073486
2021-12-14 14:30:00+00:00,5.670000076293945,5.809999942779541,5.460000038146973,5.760000228881836
2021-12-15 14:30:00+00:00,5.710000038146973,5.800000190734863,5.409999847412109,5.650000095367432
2021-12-16 14:30:00+00:00,5.630000114440918,5.699999809265137,5.260000228881836,5.300000190734863
2021-12-17 14:30:00+00:00,5.119999885559082,5.300000190734863,4.96999979019165,5.190000057220459
2021-12-20 14:30:00+00:00,5.039999961853027,5.059999942779541,4.730000019073486,4.769999980926514
2021-12-21 14:30:00+00:00,4.739999771118164,5.03000020980835,4.650000095367432,4.849999904632568
2021-12-22 14:30:00+00:00,4.820000171661377,4.949999809265137,4.71999979019165,4.730000019073486
2021-12-23 14:30:00+00:00,4.75,5.019999980926514,4.75,4.880000114440918
2021-12-27 14:30:00+00:00,5.0,5.070000171661377,4.710000038146973,4.769999980926514
2021-12-28 14:30:00+00:00,4.699999809265137,4.789999961853027,4.619999885559082,4.71999979019165
2021-12-29 14:30:00+00:00,4.739999771118164,4.989999771118164,4.739999771118164,4.809999942779541
2021-12-30 14:30:00+00:00,4.820000171661377,4.840000152587891,4.579999923706055,4.590000152587891
2021-12-31 14:30:00+00:00,4.599999904632568,4.860000133514404,4.579999923706055,4.739999771118164
2022-01-03 14:30:00+00:00,4.769999980926514,5.070000171661377,4.699999809265137,5.010000228881836
2022-01-04 14:30:00+00:00,5.0,5.0,4.869999885559082,4.920000076293945
2022-01-05 14:30:00+00:00,4.860000133514404,5.0,4.800000190734863,4.809999942779541
2022-01-06 14:30:00+00:00,4.840000152587891,4.989999771118164,4.690000057220459,4.920000076293945
2022-01-07 14:30:00+00:00,4.900000095367432,4.960000038146973,4.78000020980835,4.920000076293945
2022-01-10 14:30:00+00:00,4.760000228881836,4.78000020980835,4.489999771118164,4.579999923706055
2022-01-11 14:30:00+00:00,4.539999961853027,4.989999771118164,4.539999961853027,4.949999809265137
2022-01-12 14:30:00+00:00,4.880000114440918,4.940000057220459,4.71999979019165,4.75
2022-01-13 14:30:00+00:00,4.75,4.789999961853027,4.630000114440918,4.699999809265137
2022-01-14 14:30:00+00:00,4.630000114440918,4.659999847412109,4.460000038146973,4.599999904632568
2022-01-18 14:30:00+00:00,4.159999847412109,4.360000133514404,4.139999866485596,4.199999809265137
2022-01-19 14:30:00+00:00,4.179999828338623,4.179999828338623,3.930000066757202,3.940000057220459
2022-01-20 14:30:00+00:00,3.9200000762939453,4.199999809265137,3.880000114440918,4.070000171661377
2022-01-21 14:30:00+00:00,4.019999980926514,4.059999942779541,3.6500000953674316,3.740000009536743
2022-01-24 14:30:00+00:00,3.440000057220459,3.5999999046325684,3.2899999618530273,3.5399999618530273
2022-01-25 14:30:00+00:00,3.450000047683716,3.5,3.2200000286102295,3.3299999237060547
2022-01-26 14:30:00+00:00,3.2899999618530273,3.4700000286102295,3.2100000381469727,3.2699999809265137
2022-01-27 14:30:00+00:00,3.240000009536743,3.240000009536743,3.0399999618530273,3.2200000286102295
2022-01-28 14:30:00+00:00,3.2799999713897705,3.4100000858306885,3.1700000762939453,3.4100000858306885
2022-01-31 14:30:00+00:00,3.3299999237060547,3.609999895095825,3.309999942779541,3.569999933242798
2022-02-01 14:30:00+00:00,3.5199999809265137,3.740000009536743,3.4800000190734863,3.7300000190734863
2022-02-02 14:30:00+00:00,3.6500000953674316,3.690000057220459,3.559999942779541,3.640000104904175
2022-02-03 14:30:00+00:00,3.5199999809265137,3.569999933242798,3.390000104904175,3.569999933242798
2022-02-04 14:30:00+00:00,3.559999942779541,3.7100000381469727,3.430000066757202,3.680000066757202
2022-02-07 14:30:00+00:00,3.619999885559082,3.7300000190734863,3.619999885559082,3.680000066757202
2022-02-08 14:30:00+00:00,3.6500000953674316,3.7300000190734863,3.640000104904175,3.680000066757202
2022-02-09 14:30:00+00:00,3.700000047683716,3.8299999237060547,3.690000057220459,3.7799999713897705
2022-02-10 14:30:00+00:00,3.7100000381469727,3.819999933242798,3.6500000953674316,3.7300000190734863
2022-02-11 14:30:00+00:00,3.690000057220459,3.799999952316284,3.630000114440918,3.6600000858306885
2022-02-14 14:30:00+00:00,3.609999895095825,3.680000066757202,3.5999999046325684,3.640000104904175
2022-02-15 14:30:00+00:00,3.690000057220459,3.819999933242798,3.690000057220459,3.799999952316284
2022-02-16 14:30:00+00:00,3.7799999713897705,3.799999952316284,3.640000104904175,3.7300000190734863
2022-02-17 14:30:00+00:00,3.6500000953674316,3.740000009536743,3.640000104904175,3.6700000762939453
2022-02-18 14:30:00+00:00,3.680000066757202,3.740000009536743,3.509999990463257,3.5799999237060547
2022-02-22 14:30:00+00:00,3.559999942779541,3.609999895095825,3.5,3.5199999809265137
2022-02-23 14:30:00+00:00,3.569999933242798,3.569999933242798,3.4000000953674316,3.4200000762939453
2022-02-24 14:30:00+00:00,3.309999942779541,3.6700000762939453,3.2200000286102295,3.630000114440918
2022-02-25 14:30:00+00:00,3.609999895095825,3.7699999809265137,3.5999999046325684,3.619999885559082
2022-02-28 14:30:00+00:00,3.5399999618530273,3.6500000953674316,3.490000009536743,3.569999933242798
2022-03-01 14:30:00+00:00,3.5299999713897705,3.640000104904175,3.5199999809265137,3.5399999618530273
2022-03-02 14:30:00+00:00,3.5399999618530273,3.630000114440918,3.5199999809265137,3.5399999618530273
2022-03-03 14:30:00+00:00,3.569999933242798,3.5799999237060547,3.2799999713897705,3.309999942779541
2022-03-04 14:30:00+00:00,3.2799999713897705,3.2799999713897705,3.049999952316284,3.049999952316284
2022-03-07 14:30:00+00:00,3.0,3.0199999809265137,2.680000066757202,2.8499999046325684
2022-03-08 14:30:00+00:00,2.799999952316284,3.0,2.7699999809265137,2.9800000190734863
2022-03-09 14:30:00+00:00,2.9800000190734863,3.0799999237060547,2.890000104904175,2.9000000953674316
2022-03-10 14:30:00+00:00,2.880000114440918,2.990000009536743,2.809999942779541,2.990000009536743
2022-03-11 14:30:00+00:00,2.9700000286102295,2.9700000286102295,2.9000000953674316,2.9100000858306885
2022-03-14 13:30:00+00:00,2.950000047683716,2.950000047683716,2.8299999237060547,2.9100000858306885
2022-03-15 13:30:00+00:00,2.9200000762939453,2.990000009536743,2.8399999141693115,2.9700000286102295
2022-03-16 13:30:00+00:00,2.9600000381469727,3.2699999809265137,2.9600000381469727,3.130000114440918
2022-03-17 13:30:00+00:00,3.5,3.700000047683716,3.0999999046325684,3.3499999046325684
2022-03-18 13:30:00+00:00,3.369999885559082,3.5199999809265137,3.190000057220459,3.4000000953674316
2022-03-21 13:30:00+00:00,3.440000057220459,3.450000047683716,3.2899999618530273,3.3499999046325684
2022-03-22 13:30:00+00:00,3.380000114440918,3.390000104904175,3.3499999046325684,3.380000114440918
2022-03-23 13:30:00+00:00,3.3499999046325684,3.369999885559082,3.299999952316284,3.319999933242798
2022-03-24 13:30:00+00:00,3.359999895095825,3.380000114440918,3.299999952316284,3.3399999141693115
2022-03-25 13:30:00+00:00,3.3399999141693115,3.450000047683716,3.309999942779541,3.450000047683716
2022-03-28 13:30:00+00:00,3.450000047683716,3.450000047683716,3.25,3.259999990463257
2022-03-29 13:30:00+00:00,3.3399999141693115,3.359999895095825,3.299999952316284,3.309999942779541
2022-03-30 13:30:00+00:00,3.3299999237060547,3.3299999237060547,2.9700000286102295,2.990000009536743
2022-03-31 13:30:00+00:00,3.0399999618530273,3.0399999618530273,2.799999952316284,2.9700000286102295
2022-04-01 13:30:00+00:00,2.9800000190734863,3.0199999809265137,2.890000104904175,2.950000047683716
2022-04-04 13:30:00+00:00,2.880000114440918,3.119999885559082,2.8499999046325684,2.9800000190734863
2022-04-05 13:30:00+00:00,2.890000104904175,3.009999990463257,2.890000104904175,2.940000057220459
2022-04-06 13:30:00+00:00,2.930000066757202,2.930000066757202,2.75,2.8499999046325684
2022-04-07 13:30:00+00:00,2.869999885559082,2.950000047683716,2.7799999713897705,2.950000047683716
2022-04-08 13:30:00+00:00,2.9700000286102295,2.9700000286102295,2.869999885559082,2.9100000858306885
2022-04-11 13:30:00+00:00,2.9700000286102295,3.0799999237060547,2.7699999809265137,2.8499999046325684
2022-04-12 13:30:00+00:00,2.9000000953674316,3.0299999713897705,2.880000114440918,2.9600000381469727
2022-04-13 13:30:00+00:00,2.9200000762939453,2.9200000762939453,2.8399999141693115,2.8399999141693115
2022-04-14 13:30:00+00:00,2.8399999141693115,2.890000104904175,2.8299999237060547,2.8499999046325684
2022-04-18 13:30:00+00:00,2.880000114440918,2.9000000953674316,2.7699999809265137,2.859999895095825
2022-04-19 13:30:00+00:00,2.8399999141693115,3.0399999618530273,2.7100000381469727,2.869999885559082
2022-04-20 13:30:00+00:00,2.869999885559082,3.0,2.859999895095825,2.9600000381469727
2022-04-21 13:30:00+00:00,2.990000009536743,2.990000009536743,2.759999990463257,2.890000104904175
2022-04-22 13:30:00+00:00,2.819999933242798,3.0299999713897705,2.7699999809265137,2.8499999046325684
2022-04-25 13:30:00+00:00,2.8499999046325684,2.9800000190734863,2.8499999046325684,2.9100000858306885
2022-04-26 13:30:00+00:00,2.8499999046325684,2.890000104904175,2.6500000953674316,2.680000066757202
2022-04-27 13:30:00+00:00,2.7100000381469727,2.7699999809265137,2.619999885559082,2.6600000858306885
2022-04-28 13:30:00+00:00,2.700000047683716,2.7300000190734863,2.549999952316284,2.619999885559082
2022-04-29 13:30:00+00:00,2.609999895095825,2.7300000190734863,2.569999933242798,2.640000104904175
2022-05-02 13:30:00+00:00,2.5399999618530273,2.9000000953674316,2.5299999713897705,2.819999933242798
2022-05-03 13:30:00+00:00,2.7200000286102295,2.9200000762939453,2.700000047683716,2.799999952316284
2022-05-04 13:30:00+00:00,2.799999952316284,2.940000057220459,2.7100000381469727,2.940000057220459
2022-05-05 13:30:00+00:00,2.869999885559082,2.880000114440918,2.6500000953674316,2.740000009536743
2022-05-06 13:30:00+00:00,2.740000009536743,2.890000104904175,2.630000114440918,2.799999952316284
2022-05-09 13:30:00+00:00,2.740000009536743,2.880000114440918,2.690000057220459,2.8399999141693115
2022-05-10 13:30:00+00:00,2.559999942779541,2.6700000762939453,2.319999933242798,2.3399999141693115
2022-05-11 13:30:00+00:00,2.3399999141693115,2.4000000953674316,2.2799999713897705,2.3499999046325684
2022-05-12 13:30:00+00:00,2.319999933242798,2.3499999046325684,2.2200000286102295,2.309999942779541
2022-05-13 13:30:00+00:00,2.2100000381469727,2.299999952316284,2.2100000381469727,2.2799999713897705
2022-05-16 13:30:00+00:00,2.2300000190734863,2.2699999809265137,2.1600000858306885,2.2200000286102295
2022-05-17 13:30:00+00:00,2.190000057220459,2.3499999046325684,2.190000057220459,2.299999952316284
2022-05-18 13:30:00+00:00,2.259999990463257,2.319999933242798,2.240000009536743,2.2699999809265137
2022-05-19 13:30:00+00:00,2.259999990463257,2.3499999046325684,2.259999990463257,2.309999942779541
2022-05-20 13:30:00+00:00,2.319999933242798,2.319999933242798,2.2300000190734863,2.259999990463257
2022-05-23 13:30:00+00:00,2.2699999809265137,2.3499999046325684,2.2300000190734863,2.299999952316284
2022-05-24 13:30:00+00:00,2.25,2.299999952316284,2.2100000381469727,2.259999990463257
2022-05-25 13:30:00+00:00,2.2200000286102295,2.319999933242798,2.2100000381469727,2.299999952316284
2022-05-26 13:30:00+00:00,2.2799999713897705,2.3499999046325684,2.2799999713897705,2.3299999237060547
2022-05-27 13:30:00+00:00,2.3499999046325684,2.369999885559082,2.3399999141693115,2.369999885559082
2022-05-31 13:30:00+00:00,2.2699999809265137,2.369999885559082,2.2699999809265137,2.369999885559082
2022-06-01 13:30:00+00:00,2.299999952316284,2.309999942779541,2.259999990463257,2.2699999809265137
2022-06-02 13:30:00+00:00,2.299999952316284,2.369999885559082,2.2899999618530273,2.3299999237060547
2022-06-03 13:30:00+00:00,2.2899999618530273,2.3499999046325684,2.2899999618530273,2.309999942779541
2022-06-06 13:30:00+00:00,2.3299999237060547,2.4600000381469727,2.299999952316284,2.450000047683716
2022-06-07 13:30:00+00:00,2.4000000953674316,2.4700000286102295,2.3499999046325684,2.4600000381469727
2022-06-08 13:30:00+00:00,2.4200000762939453,2.4700000286102295,2.319999933242798,2.380000114440918
2022-06-09 13:30:00+00:00,2.359999895095825,2.359999895095825,2.2899999618530273,2.299999952316284
2022-06-10 13:30:00+00:00,2.25,2.369999885559082,2.180000066757202,2.299999952316284
2022-06-13 13:30:00+00:00,2.2799999713897705,2.4000000953674316,2.1700000762939453,2.2699999809265137
2022-06-14 13:30:00+00:00,2.309999942779541,2.609999895095825,2.240000009536743,2.4800000190734863
2022-06-15 13:30:00+00:00,2.359999895095825,2.430000066757202,2.240000009536743,2.299999952316284
2022-06-16 13:30:00+00:00,2.2799999713897705,2.3399999141693115,2.2200000286102295,2.3399999141693115
2022-06-17 13:30:00+00:00,2.369999885559082,2.4600000381469727,2.369999885559082,2.4600000381469727
2022-06-21 13:30:00+00:00,2.380000114440918,2.4200000762939453,2.2699999809265137,2.359999895095825
2022-06-22 13:30:00+00:00,2.309999942779541,2.390000104904175,2.309999942779541,2.380000114440918
2022-06-23 13:30:00+00:00,2.3399999141693115,2.4200000762939453,2.299999952316284,2.390000104904175
2022-06-24 13:30:00+00:00,2.4100000858306885,2.430000066757202,2.2899999618530273,2.2899999618530273
2022-06-27 13:30:00+00:00,2.319999933242798,2.3499999046325684,2.25,2.259999990463257
2022-06-28 13:30:00+00:00,2.2799999713897705,2.299999952316284,2.259999990463257,2.259999990463257
2022-06-29 13:30:00+00:00,2.259999990463257,2.2699999809265137,2.1600000858306885,2.180000066757202
2022-06-30 13:30:00+00:00,2.200000047683716,2.2200000286102295,2.130000114440918,2.1700000762939453
2022-07-01 13:30:00+00:00,2.1700000762939453,2.2300000190734863,2.140000104904175,2.1500000953674316
2022-07-05 13:30:00+00:00,2.140000104904175,2.1500000953674316,2.0999999046325684,2.119999885559082
2022-07-06 13:30:00+00:00,2.130000114440918,2.2200000286102295,2.119999885559082,2.180000066757202
2022-07-07 13:30:00+00:00,2.200000047683716,2.299999952316284,2.1500000953674316,2.2100000381469727
2022-07-08 13:30:00+00:00,2.240000009536743,2.25,2.2100000381469727,2.2300000190734863
2022-07-11 13:30:00+00:00,2.2300000190734863,2.240000009536743,2.119999885559082,2.119999885559082
2022-07-12 13:30:00+00:00,2.140000104904175,2.1600000858306885,2.059999942779541,2.119999885559082
2022-07-13 13:30:00+00:00,2.140000104904175,2.4200000762939453,2.140000104904175,2.299999952316284
2022-07-14 13:30:00+00:00,2.3299999237060547,2.549999952316284,2.299999952316284,2.5
2022-07-15 13:30:00+00:00,2.5399999618530273,2.5999999046325684,2.4700000286102295,2.5399999618530273
2022-07-18 13:30:00+00:00,2.5399999618530273,2.5399999618530273,2.359999895095825,2.380000114440918
2022-07-19 13:30:00+00:00,2.4000000953674316,2.5,2.359999895095825,2.450000047683716
2022-07-20 13:30:00+00:00,2.490000009536743,2.490000009536743,2.4100000858306885,2.4700000286102295
2022-07-21 13:30:00+00:00,2.4200000762939453,2.5,2.4000000953674316,2.5
2022-07-22 13:30:00+00:00,2.5,2.559999942779541,2.5,2.549999952316284
2022-07-25 13:30:00+00:00,2.559999942779541,2.609999895095825,2.5199999809265137,2.5199999809265137
2022-07-26 13:30:00+00:00,2.549999952316284,2.619999885559082,2.5,2.559999942779541
2022-07-27 13:30:00+00:00,2.5799999237060547,3.049999952316284,2.549999952316284,2.990000009536743
2022-07-28 13:30:00+00:00,2.9700000286102295,2.9700000286102295,2.4000000953674316,2.5
2022-07-29 13:30:00+00:00,2.5399999618530273,2.7699999809265137,2.5,2.75
2022-08-01 13:30:00+00:00,2.8499999046325684,2.880000114440918,2.819999933242798,2.8499999046325684
2022-08-02 13:30:00+00:00,2.869999885559082,2.9200000762939453,2.7899999618530273,2.859999895095825
2022-08-03 13:30:00+00:00,2.8499999046325684,2.869999885559082,2.5999999046325684,2.700000047683716
2022-08-04 13:30:00+00:00,2.7100000381469727,2.75,2.640000104904175,2.6600000858306885
2022-08-05 13:30:00+00:00,2.5999999046325684,2.75,2.549999952316284,2.559999942779541
2022-08-08 13:30:00+00:00,2.700000047683716,2.950000047683716,2.630000114440918,2.75
2022-08-09 13:30:00+00:00,2.7899999618530273,3.049999952316284,2.75,2.9600000381469727
2022-08-10 13:30:00+00:00,3.009999990463257,3.430000066757202,2.9200000762939453,3.2300000190734863
2022-08-11 13:30:00+00:00,3.299999952316284,3.299999952316284,3.0899999141693115,3.140000104904175
2022-08-12 13:30:00+00:00,3.200000047683716,3.4200000762939453,3.190000057220459,3.380000114440918
2022-08-15 13:30:00+00:00,3.4000000953674316,3.4800000190734863,3.2100000381469727,3.4200000762939453
2022-08-16 13:30:00+00:00,3.430000066757202,3.490000009536743,3.299999952316284,3.299999952316284
2022-08-17 13:30:00+00:00,3.299999952316284,3.5,3.190000057220459,3.3399999141693115
2022-08-18 13:30:00+00:00,3.4000000953674316,3.859999895095825,3.319999933242798,3.490000009536743
2022-08-19 13:30:00+00:00,3.430000066757202,3.7300000190734863,3.309999942779541,3.4000000953674316
2022-08-22 13:30:00+00:00,3.3299999237060547,3.5,3.25,3.440000057220459
2022-08-23 13:30:00+00:00,3.490000009536743,3.9700000286102295,3.450000047683716,3.7899999618530273
2022-08-24 13:30:00+00:00,3.7699999809265137,3.7699999809265137,3.4000000953674316,3.4800000190734863
2022-08-25 13:30:00+00:00,3.549999952316284,3.549999952316284,3.3499999046325684,3.4100000858306885
2022-08-26 13:30:00+00:00,3.440000057220459,3.5,3.259999990463257,3.4700000286102295
2022-08-29 13:30:00+00:00,3.4200000762939453,3.4600000381469727,3.299999952316284,3.3299999237060547
2022-08-30 13:30:00+00:00,3.3299999237060547,3.4200000762939453,3.0,3.109999895095825
2022-08-31 13:30:00+00:00,3.069999933242798,3.25,3.049999952316284,3.190000057220459
2022-09-01 13:30:00+00:00,3.180000066757202,3.180000066757202,2.9000000953674316,3.0299999713897705
2022-09-02 13:30:00+00:00,2.9800000190734863,3.0999999046325684,2.940000057220459,3.0
2022-09-06 13:30:00+00:00,2.930000066757202,3.3299999237060547,2.869999885559082,3.0
2022-09-07 13:30:00+00:00,3.0299999713897705,3.0299999713897705,2.890000104904175,2.890000104904175
2022-09-08 13:30:00+00:00,2.809999942779541,2.950000047683716,2.799999952316284,2.890000104904175
2022-09-09 13:30:00+00:00,2.9000000953674316,3.240000009536743,2.869999885559082,3.069999933242798
2022-09-12 13:30:00+00:00,2.9600000381469727,3.0399999618530273,2.799999952316284,2.890000104904175
2022-09-13 13:30:00+00:00,2.819999933242798,2.890000104904175,2.75,2.7899999618530273
2022-09-14 13:30:00+00:00,2.799999952316284,2.9000000953674316,2.7899999618530273,2.8299999237060547
2022-09-15 13:30:00+00:00,2.819999933242798,2.9600000381469727,2.75,2.9600000381469727
2022-09-16 13:30:00+00:00,2.940000057220459,3.140000104904175,2.940000057220459,3.140000104904175
2022-09-19 13:30:00+00:00,3.0999999046325684,3.1500000953674316,3.0399999618530273,3.109999895095825
2022-09-20 13:30:00+00:00,3.049999952316284,3.0999999046325684,3.049999952316284,3.0999999046325684
2022-09-21 13:30:00+00:00,3.0799999237060547,3.1500000953674316,3.049999952316284,3.059999942779541
2022-09-22 13:30:00+00:00,3.0899999141693115,3.109999895095825,2.9200000762939453,3.009999990463257
2022-09-23 13:30:00+00:00,2.990000009536743,3.069999933242798,2.880000114440918,3.049999952316284
2022-09-26 13:30:00+00:00,3.059999942779541,3.0999999046325684,3.0299999713897705,3.059999942779541
2022-09-27 13:30:00+00:00,3.069999933242798,3.0799999237060547,2.950000047683716,3.0299999713897705
2022-09-28 13:30:00+00:00,3.0199999809265137,3.1600000858306885,3.0,3.0
2022-09-29 13:30:00+00:00,3.009999990463257,3.0999999046325684,2.9700000286102295,3.0999999046325684
2022-09-30 13:30:00+00:00,3.069999933242798,3.119999885559082,3.009999990463257,3.0799999237060547
2022-10-03 13:30:00+00:00,3.0999999046325684,3.0999999046325684,2.990000009536743,3.0999999046325684
2022-10-04 13:30:00+00:00,3.0999999046325684,3.2799999713897705,3.0899999141693115,3.25
2022-10-05 13:30:00+00:00,3.2300000190734863,3.2699999809265137,3.1500000953674316,3.200000047683716
2022-10-06 13:30:00+00:00,3.1700000762939453,3.2200000286102295,3.0999999046325684,3.2200000286102295
2022-10-07 13:30:00+00:00,3.2100000381469727,3.240000009536743,3.1500000953674316,3.1500000953674316
2022-10-10 13:30:00+00:00,3.130000114440918,3.259999990463257,3.119999885559082,3.200000047683716
2022-10-11 13:30:00+00:00,3.180000066757202,3.2899999618530273,2.940000057220459,3.009999990463257
2022-10-12 13:30:00+00:00,3.049999952316284,3.130000114440918,2.9600000381469727,3.109999895095825
2022-10-13 13:30:00+00:00,2.9600000381469727,3.0199999809265137,2.6700000762939453,2.7799999713897705
2022-10-14 13:30:00+00:00,2.799999952316284,2.9700000286102295,2.759999990463257,2.9700000286102295
2022-10-17 13:30:00+00:00,3.0399999618530273,3.0799999237060547,2.9600000381469727,2.9600000381469727
2022-10-18 13:30:00+00:00,3.0399999618530273,3.0399999618530273,2.9600000381469727,2.9700000286102295
2022-10-19 13:30:00+00:00,2.990000009536743,3.009999990463257,2.8499999046325684,2.8499999046325684
2022-10-20 13:30:00+00:00,2.9100000858306885,3.009999990463257,2.8399999141693115,3.009999990463257
2022-10-21 13:30:00+00:00,2.9700000286102295,3.0299999713897705,2.940000057220459,2.9700000286102295
2022-10-24 13:30:00+00:00,2.9100000858306885,2.950000047683716,2.7899999618530273,2.809999942779541
2022-10-25 13:30:00+00:00,2.8299999237060547,2.890000104904175,2.75,2.7699999809265137
2022-10-26 13:30:00+00:00,2.7799999713897705,2.890000104904175,2.7799999713897705,2.799999952316284
2022-10-27 13:30:00+00:00,2.7699999809265137,2.809999942779541,2.700000047683716,2.75
2022-10-28 13:30:00+00:00,2.7300000190734863,2.8299999237060547,2.7300000190734863,2.7899999618530273
2022-10-31 13:30:00+00:00,2.809999942779541,2.809999942779541,2.6500000953674316,2.6500000953674316
2022-11-01 13:30:00+00:00,2.5899999141693115,2.7100000381469727,2.5799999237060547,2.609999895095825
2022-11-02 13:30:00+00:00,2.609999895095825,2.7699999809265137,2.609999895095825,2.759999990463257
2022-11-03 13:30:00+00:00,2.740000009536743,2.740000009536743,2.569999933242798,2.619999885559082
2022-11-04 13:30:00+00:00,2.6700000762939453,2.7699999809265137,2.630000114440918,2.759999990463257
2022-11-07 14:30:00+00:00,2.759999990463257,2.8499999046325684,2.759999990463257,2.7699999809265137
2022-11-08 14:30:00+00:00,2.5199999809265137,2.759999990463257,2.5199999809265137,2.5999999046325684
2022-11-09 14:30:00+00:00,2.569999933242798,2.6500000953674316,2.4700000286102295,2.5
2022-11-10 14:30:00+00:00,2.5999999046325684,2.7100000381469727,2.4800000190734863,2.569999933242798
2022-11-11 14:30:00+00:00,2.5199999809265137,2.7300000190734863,2.5199999809265137,2.690000057220459
2022-11-14 14:30:00+00:00,2.6600000858306885,3.069999933242798,2.630000114440918,3.0
2022-11-15 14:30:00+00:00,3.049999952316284,3.049999952316284,2.6600000858306885,2.799999952316284
2022-11-16 14:30:00+00:00,2.799999952316284,2.799999952316284,2.440000057220459,2.440000057220459
2022-11-17 14:30:00+00:00,2.4000000953674316,2.799999952316284,2.4000000953674316,2.6600000858306885
2022-11-18 14:30:00+00:00,2.7100000381469727,2.799999952316284,2.700000047683716,2.7699999809265137
2022-11-21 14:30:00+00:00,2.740000009536743,3.049999952316284,2.740000009536743,2.9800000190734863
2022-11-22 14:30:00+00:00,3.0199999809265137,3.200000047683716,3.0199999809265137,3.119999885559082
2022-11-23 14:30:00+00:00,3.0799999237060547,3.0799999237060547,2.9200000762939453,2.990000009536743
2022-11-25 14:30:00+00:00,2.990000009536743,3.049999952316284,2.930000066757202,3.0299999713897705
2022-11-28 14:30:00+00:00,2.9800000190734863,3.0399999618530273,2.8499999046325684,2.9700000286102295
2022-11-29 14:30:00+00:00,2.8499999046325684,3.0799999237060547,2.640000104904175,2.7899999618530273
2022-11-30 14:30:00+00:00,2.740000009536743,2.930000066757202,2.549999952316284,2.819999933242798
2022-12-01 14:30:00+00:00,2.7799999713897705,2.9100000858306885,2.5,2.680000066757202
2022-12-02 14:30:00+00:00,2.680000066757202,2.799999952316284,2.450000047683716,2.5
2022-12-05 14:30:00+00:00,2.5,2.5199999809265137,2.299999952316284,2.390000104904175
2022-12-06 14:30:00+00:00,2.4100000858306885,2.4200000762939453,2.2699999809265137,2.359999895095825
2022-12-07 14:30:00+00:00,2.3499999046325684,2.4800000190734863,2.259999990463257,2.430000066757202
2022-12-08 14:30:00+00:00,2.430000066757202,2.4600000381469727,2.2799999713897705,2.4000000953674316
2022-12-09 14:30:00+00:00,2.5,2.5,2.3499999046325684,2.3499999046325684
2022-12-12 14:30:00+00:00,2.3499999046325684,2.3499999046325684,2.25,2.2799999713897705
2022-12-13 14:30:00+00:00,2.2799999713897705,2.4100000858306885,2.2699999809265137,2.4000000953674316
2022-12-14 14:30:00+00:00,2.359999895095825,2.640000104904175,2.359999895095825,2.5199999809265137
2022-12-15 14:30:00+00:00,2.5199999809265137,2.5799999237060547,2.4200000762939453,2.5399999618530273
2022-12-16 14:30:00+00:00,2.5,2.5299999713897705,2.2899999618530273,2.5
2022-12-19 14:30:00+00:00,2.4800000190734863,2.5399999618530273,2.4000000953674316,2.450000047683716
2022-12-20 14:30:00+00:00,2.490000009536743,2.75,2.359999895095825,2.609999895095825
2022-12-21 14:30:00+00:00,2.490000009536743,2.6500000953674316,2.450000047683716,2.5399999618530273
2022-12-22 14:30:00+00:00,2.4600000381469727,2.5,2.4000000953674316,2.5
2022-12-23 14:30:00+00:00,2.5,2.5,2.3299999237060547,2.380000114440918
2022-12-27 14:30:00+00:00,2.359999895095825,2.380000114440918,2.309999942779541,2.3299999237060547
2022-12-28 14:30:00+00:00,2.309999942779541,2.5799999237060547,2.2699999809265137,2.509999990463257
2022-12-29 14:30:00+00:00,2.490000009536743,2.6700000762939453,2.490000009536743,2.5999999046325684
2022-12-30 14:30:00+00:00,2.609999895095825,2.700000047683716,2.569999933242798,2.690000057220459
2023-01-03 14:30:00+00:00,2.75,2.8299999237060547,2.549999952316284,2.630000114440918
2023-01-04 14:30:00+00:00,2.7200000286102295,2.799999952316284,2.5799999237060547,2.619999885559082
2023-01-05 14:30:00+00:00,2.6500000953674316,2.7300000190734863,2.5,2.509999990463257
2023-01-06 14:30:00+00:00,2.5799999237060547,2.690000057220459,2.5799999237060547,2.6500000953674316
2023-01-09 14:30:00+00:00,2.6500000953674316,2.7699999809265137,2.630000114440918,2.700000047683716
2023-01-10 14:30:00+00:00,2.700000047683716,2.7899999618530273,2.640000104904175,2.640000104904175
2023-01-11 14:30:00+00:00,2.7699999809265137,2.9200000762939453,2.690000057220459,2.7699999809265137
2023-01-12 14:30:00+00:00,2.799999952316284,2.819999933242798,2.700000047683716,2.700000047683716
2023-01-13 14:30:00+00:00,2.700000047683716,2.759999990463257,2.5199999809265137,2.5899999141693115
2023-01-17 14:30:00+00:00,2.5899999141693115,2.7899999618530273,2.5899999141693115,2.6700000762939453
2023-01-18 14:30:00+00:00,2.7899999618530273,2.9600000381469727,2.6700000762939453,2.690000057220459
2023-01-19 14:30:00+00:00,2.640000104904175,2.7200000286102295,2.640000104904175,2.690000057220459
2023-01-20 14:30:00+00:00,2.7300000190734863,2.8499999046325684,2.7300000190734863,2.7699999809265137
2023-01-23 14:30:00+00:00,2.809999942779541,2.869999885559082,2.7100000381469727,2.8299999237060547
2023-01-24 14:30:00+00:00,2.799999952316284,2.950000047683716,2.759999990463257,2.799999952316284
2023-01-25 14:30:00+00:00,2.7100000381469727,2.7899999618530273,2.680000066757202,2.700000047683716
2023-01-26 14:30:00+00:00,2.75,2.75,2.6700000762939453,2.700000047683716
2023-01-27 14:30:00+00:00,2.6700000762939453,2.9700000286102295,2.6700000762939453,2.819999933242798
2023-01-30 14:30:00+00:00,2.8499999046325684,2.9100000858306885,2.759999990463257,2.8299999237060547
2023-01-31 14:30:00+00:00,2.859999895095825,2.9200000762939453,2.75,2.859999895095825
2023-02-01 14:30:00+00:00,2.9100000858306885,2.940000057220459,2.759999990463257,2.759999990463257
2023-02-02 14:30:00+00:00,2.799999952316284,3.0,2.799999952316284,2.930000066757202
2023-02-03 14:30:00+00:00,2.880000114440918,2.950000047683716,2.8499999046325684,2.8499999046325684
2023-02-06 14:30:00+00:00,2.7100000381469727,2.7899999618530273,2.6600000858306885,2.700000047683716
2023-02-07 14:30:00+00:00,2.6500000953674316,2.799999952316284,2.609999895095825,2.7699999809265137
2023-02-08 14:30:00+00:00,2.680000066757202,2.7699999809265137,2.640000104904175,2.700000047683716
2023-02-09 14:30:00+00:00,2.740000009536743,2.819999933242798,2.700000047683716,2.7200000286102295
2023-02-10 14:30:00+00:00,2.7100000381469727,2.809999942779541,2.6600000858306885,2.7899999618530273
2023-02-13 14:30:00+00:00,2.759999990463257,2.7899999618530273,2.700000047683716,2.759999990463257
2023-02-14 14:30:00+00:00,2.809999942779541,2.819999933242798,2.740000009536743,2.740000009536743
2023-02-15 14:30:00+00:00,2.75,3.0,2.75,2.8399999141693115
2023-02-16 14:30:00+00:00,2.6500000953674316,2.8399999141693115,2.619999885559082,2.75
2023-02-17 14:30:00+00:00,2.700000047683716,2.799999952316284,2.700000047683716,2.7200000286102295
2023-02-21 14:30:00+00:00,2.6600000858306885,2.7200000286102295,2.5999999046325684,2.7100000381469727
2023-02-22 14:30:00+00:00,2.690000057220459,2.7300000190734863,2.6700000762939453,2.6700000762939453
2023-02-23 14:30:00+00:00,2.700000047683716,2.7100000381469727,2.5199999809265137,2.7100000381469727
2023-02-24 14:30:00+00:00,2.609999895095825,2.75,2.5999999046325684,2.700000047683716
2023-02-27 14:30:00+00:00,2.630000114440918,2.8499999046325684,2.630000114440918,2.7200000286102295
2023-02-28 14:30:00+00:00,2.75,2.859999895095825,2.7200000286102295,2.7799999713897705
2023-03-01 14:30:00+00:00,2.759999990463257,2.930000066757202,2.7200000286102295,2.7799999713897705
2023-03-02 14:30:00+00:00,2.75,2.7699999809265137,2.680000066757202,2.7200000286102295
2023-03-03 14:30:00+00:00,2.75,2.75,2.6600000858306885,2.700000047683716
2023-03-06 14:30:00+00:00,2.7300000190734863,2.75,2.559999942779541,2.7100000381469727
2023-03-07 14:30:00+00:00,2.619999885559082,2.8499999046325684,2.619999885559082,2.799999952316284
2023-03-08 14:30:00+00:00,2.799999952316284,2.950000047683716,2.690000057220459,2.940000057220459
2023-03-09 14:30:00+00:00,2.799999952316284,3.2699999809265137,2.7799999713897705,3.049999952316284
2023-03-10 14:30:00+00:00,3.049999952316284,3.069999933242798,2.890000104904175,2.9200000762939453
2023-03-13 13:30:00+00:00,2.7799999713897705,2.9700000286102295,2.7799999713897705,2.890000104904175
2023-03-14 13:30:00+00:00,3.0,3.25,3.0,3.0999999046325684
2023-03-15 13:30:00+00:00,3.0999999046325684,3.109999895095825,2.819999933242798,2.8499999046325684
2023-03-16 13:30:00+00:00,2.819999933242798,3.0199999809265137,2.819999933242798,2.890000104904175
2023-03-17 13:30:00+00:00,2.880000114440918,3.2200000286102295,2.6600000858306885,2.869999885559082
2023-03-20 13:30:00+00:00,2.8399999141693115,2.930000066757202,2.799999952316284,2.809999942779541
2023-03-21 13:30:00+00:00,2.859999895095825,2.890000104904175,2.799999952316284,2.8499999046325684
2023-03-22 13:30:00+00:00,2.799999952316284,2.9000000953674316,2.690000057220459,2.7699999809265137
2023-03-23 13:30:00+00:00,2.819999933242798,2.8399999141693115,2.609999895095825,2.740000009536743
2023-03-24 13:30:00+00:00,2.75,2.859999895095825,2.740000009536743,2.859999895095825
2023-03-27 13:30:00+00:00,2.8499999046325684,2.9700000286102295,2.8499999046325684,2.9700000286102295
2023-03-28 13:30:00+00:00,3.0,3.069999933242798,2.9600000381469727,3.0299999713897705
2023-03-29 13:30:00+00:00,3.0399999618530273,3.059999942779541,3.0,3.0399999618530273
2023-03-30 13:30:00+00:00,3.0199999809265137,3.0999999046325684,2.9000000953674316,3.059999942779541
2023-03-31 13:30:00+00:00,3.0799999237060547,3.4800000190734863,3.049999952316284,3.430000066757202
2023-04-03 13:30:00+00:00,3.4600000381469727,3.490000009536743,3.119999885559082,3.2100000381469727
2023-04-04 13:30:00+00:00,3.190000057220459,3.25,3.0899999141693115,3.0999999046325684
2023-04-05 13:30:00+00:00,3.0899999141693115,3.1700000762939453,2.9100000858306885,3.0199999809265137
2023-04-06 13:30:00+00:00,3.0299999713897705,3.109999895095825,2.990000009536743,3.059999942779541
2023-04-10 13:30:00+00:00,3.059999942779541,3.190000057220459,2.890000104904175,3.0399999618530273
2023-04-11 13:30:00+00:00,3.0,3.059999942779541,2.990000009536743,3.0199999809265137
2023-04-12 13:30:00+00:00,3.0399999618530273,3.0999999046325684,2.990000009536743,3.0899999141693115
2023-04-13 13:30:00+00:00,3.0199999809265137,3.240000009536743,2.9800000190734863,3.0199999809265137
2023-04-14 13:30:00+00:00,3.0,3.0299999713897705,2.890000104904175,2.9700000286102295
2023-04-17 13:30:00+00:00,3.0,3.0,2.8499999046325684,2.859999895095825
2023-04-18 13:30:00+00:00,2.8399999141693115,2.9600000381469727,2.819999933242798,2.819999933242798
2023-04-19 13:30:00+00:00,2.759999990463257,2.799999952316284,2.690000057220459,2.7300000190734863
2023-04-20 13:30:00+00:00,2.7300000190734863,2.7899999618530273,2.680000066757202,2.7100000381469727
2023-04-21 13:30:00+00:00,2.6700000762939453,2.7899999618530273,2.6700000762939453,2.75
2023-04-24 13:30:00+00:00,2.7699999809265137,2.7699999809265137,2.6600000858306885,2.6600000858306885
2023-04-25 13:30:00+00:00,2.680000066757202,2.8299999237060547,2.6600000858306885,2.680000066757202
2023-04-26 13:30:00+00:00,2.7100000381469727,2.7899999618530273,2.7100000381469727,2.740000009536743
2023-04-27 13:30:00+00:00,2.7799999713897705,2.7799999713897705,2.740000009536743,2.7799999713897705
2023-04-28 13:30:00+00:00,2.75,2.869999885559082,2.75,2.869999885559082
2023-05-01 13:30:00+00:00,2.809999942779541,2.8499999046325684,2.7699999809265137,2.7699999809265137
2023-05-02 13:30:00+00:00,2.809999942779541,2.8299999237060547,2.75,2.7799999713897705
2023-05-03 13:30:00+00:00,2.8399999141693115,2.890000104904175,2.759999990463257,2.8299999237060547
2023-05-04 13:30:00+00:00,2.759999990463257,2.8499999046325684,2.740000009536743,2.740000009536743
2023-05-05 13:30:00+00:00,2.700000047683716,2.859999895095825,2.6700000762939453,2.7899999618530273
2023-05-08 13:30:00+00:00,2.799999952316284,2.8399999141693115,2.7799999713897705,2.7899999618530273
2023-05-09 13:30:00+00:00,2.7899999618530273,3.0399999618530273,2.759999990463257,2.990000009536743
2023-05-10 13:30:00+00:00,3.0,3.1500000953674316,2.9700000286102295,3.0999999046325684
2023-05-11 13:30:00+00:00,3.0899999141693115,3.119999885559082,2.9200000762939453,2.9200000762939453
2023-05-12 13:30:00+00:00,2.940000057220459,2.9600000381469727,2.8399999141693115,2.890000104904175
2023-05-15 13:30:00+00:00,2.9000000953674316,2.990000009536743,2.890000104904175,2.9000000953674316
2023-05-16 13:30:00+00:00,2.930000066757202,2.940000057220459,2.890000104904175,2.9000000953674316
2023-05-17 13:30:00+00:00,2.869999885559082,2.950000047683716,2.869999885559082,2.9200000762939453
2023-05-18 13:30:00+00:00,2.940000057220459,2.940000057220459,2.859999895095825,2.890000104904175
2023-05-19 13:30:00+00:00,2.990000009536743,3.0999999046325684,2.9000000953674316,2.940000057220459
2023-05-22 13:30:00+00:00,2.869999885559082,3.1700000762939453,2.869999885559082,3.0899999141693115
2023-05-23 13:30:00+00:00,3.0899999141693115,3.0899999141693115,2.9600000381469727,2.9700000286102295
2023-05-24 13:30:00+00:00,2.9700000286102295,2.990000009536743,2.869999885559082,2.9700000286102295
2023-05-25 13:30:00+00:00,2.9600000381469727,3.109999895095825,2.9000000953674316,2.9800000190734863
2023-05-26 13:30:00+00:00,3.009999990463257,3.1500000953674316,3.009999990463257,3.130000114440918
2023-05-30 13:30:00+00:00,3.1600000858306885,3.200000047683716,3.059999942779541,3.1500000953674316
2023-05-31 13:30:00+00:00,3.1500000953674316,3.1500000953674316,3.049999952316284,3.130000114440918
2023-06-01 13:30:00+00:00,3.0899999141693115,3.1500000953674316,3.0,3.119999885559082
2023-06-02 13:30:00+00:00,3.1600000858306885,3.200000047683716,3.119999885559082,3.130000114440918
2023-06-05 13:30:00+00:00,3.1700000762939453,3.200000047683716,3.130000114440918,3.200000047683716
2023-06-06 13:30:00+00:00,3.190000057220459,3.3399999141693115,3.1700000762939453,3.25
2023-06-07 13:30:00+00:00,3.2799999713897705,3.3299999237060547,3.180000066757202,3.25
2023-06-08 13:30:00+00:00,3.2200000286102295,3.3499999046325684,3.2200000286102295,3.3399999141693115
2023-06-09 13:30:00+00:00,3.390000104904175,3.390000104904175,3.25,3.319999933242798
2023-06-12 13:30:00+00:00,3.299999952316284,3.450000047683716,3.2200000286102295,3.25
2023-06-13 13:30:00+00:00,3.25,3.359999895095825,3.180000066757202,3.2899999618530273
2023-06-14 13:30:00+00:00,3.309999942779541,3.440000057220459,3.2699999809265137,3.359999895095825
2023-06-15 13:30:00+00:00,3.359999895095825,3.430000066757202,3.299999952316284,3.380000114440918
2023-06-16 13:30:00+00:00,3.359999895095825,3.359999895095825,3.2799999713897705,3.2799999713897705
2023-06-20 13:30:00+00:00,3.319999933242798,3.369999885559082,3.259999990463257,3.2699999809265137
2023-06-21 13:30:00+00:00,3.2799999713897705,3.2799999713897705,3.190000057220459,3.240000009536743
2023-06-22 13:30:00+00:00,3.190000057220459,3.2899999618530273,3.190000057220459,3.2300000190734863
2023-06-23 13:30:00+00:00,3.1600000858306885,3.240000009536743,3.1600000858306885,3.240000009536743
2023-06-26 13:30:00+00:00,3.2300000190734863,3.2300000190734863,2.869999885559082,2.950000047683716
2023-06-27 13:30:00+00:00,2.9000000953674316,2.950000047683716,2.819999933242798,2.8299999237060547
2023-06-28 13:30:00+00:00,2.809999942779541,2.869999885559082,2.7899999618530273,2.8399999141693115
2023-06-29 13:30:00+00:00,2.8299999237060547,2.869999885559082,2.7899999618530273,2.799999952316284
2023-06-30 13:30:00+00:00,2.7899999618530273,3.0199999809265137,2.7899999618530273,3.0
2023-07-03 13:30:00+00:00,2.930000066757202,2.950000047683716,2.9000000953674316,2.9100000858306885
2023-07-05 13:30:00+00:00,2.940000057220459,2.950000047683716,2.880000114440918,2.890000104904175
2023-07-06 13:30:00+00:00,2.8499999046325684,2.859999895095825,2.569999933242798,2.7200000286102295
2023-07-07 13:30:00+00:00,2.7200000286102295,2.8499999046325684,2.7200000286102295,2.819999933242798
2023-07-10 13:30:00+00:00,2.8399999141693115,2.9600000381469727,2.7699999809265137,2.869999885559082
2023-07-11 13:30:00+00:00,2.9100000858306885,2.9100000858306885,2.7300000190734863,2.9100000858306885
2023-07-12 13:30:00+00:00,2.9100000858306885,2.9700000286102295,2.890000104904175,2.9700000286102295
2023-07-13 13:30:00+00:00,2.9800000190734863,3.0299999713897705,2.930000066757202,2.990000009536743
2023-07-14 13:30:00+00:00,2.9700000286102295,3.059999942779541,2.869999885559082,2.990000009536743
2023-07-17 13:30:00+00:00,3.0199999809265137,3.0199999809265137,2.869999885559082,2.880000114440918
2023-07-18 13:30:00+00:00,2.930000066757202,2.940000057220459,2.859999895095825,2.9000000953674316
2023-07-19 13:30:00+00:00,2.880000114440918,2.9000000953674316,2.809999942779541,2.8299999237060547
2023-07-20 13:30:00+00:00,2.8399999141693115,2.869999885559082,2.759999990463257,2.7899999618530273
2023-07-21 13:30:00+00:00,2.819999933242798,2.930000066757202,2.7899999618530273,2.880000114440918
2023-07-24 13:30:00+00:00,2.9000000953674316,2.9000000953674316,2.7100000381469727,2.869999885559082
2023-07-25 13:30:00+00:00,2.819999933242798,2.890000104904175,2.799999952316284,2.869999885559082
2023-07-26 13:30:00+00:00,2.9000000953674316,2.9000000953674316,2.759999990463257,2.799999952316284
2023-07-27 13:30:00+00:00,2.799999952316284,2.8499999046325684,2.75,2.7699999809265137
2023-07-28 13:30:00+00:00,2.7699999809265137,2.7899999618530273,2.740000009536743,2.740000009536743
2023-07-31 13:30:00+00:00,2.75,2.75,2.7100000381469727,2.7100000381469727
2023-08-01 13:30:00+00:00,2.7100000381469727,2.7200000286102295,2.609999895095825,2.690000057220459
2023-08-02 13:30:00+00:00,2.690000057220459,2.690000057220459,2.569999933242798,2.5999999046325684
2023-08-03 13:30:00+00:00,2.5899999141693115,2.680000066757202,2.5299999713897705,2.5999999046325684
2023-08-04 13:30:00+00:00,2.630000114440918,2.7300000190734863,2.569999933242798,2.7200000286102295
2023-08-07 13:30:00+00:00,2.690000057220459,2.7100000381469727,2.5199999809265137,2.630000114440918
2023-08-08 13:30:00+00:00,2.2200000286102295,2.5,2.2200000286102295,2.299999952316284
2023-08-09 13:30:00+00:00,2.3399999141693115,2.3399999141693115,2.180000066757202,2.180000066757202
2023-08-10 13:30:00+00:00,2.190000057220459,2.2300000190734863,2.0399999618530273,2.0799999237060547
2023-08-11 13:30:00+00:00,2.0999999046325684,2.1600000858306885,1.9700000286102295,2.0899999141693115
2023-08-14 13:30:00+00:00,2.0899999141693115,2.0899999141693115,1.9700000286102295,2.069999933242798
2023-08-15 13:30:00+00:00,2.059999942779541,2.130000114440918,1.9800000190734863,2.059999942779541
2023-08-16 13:30:00+00:00,2.059999942779541,2.119999885559082,2.0299999713897705,2.0799999237060547
2023-08-17 13:30:00+00:00,2.049999952316284,2.049999952316284,1.9600000381469727,1.9800000190734863
2023-08-18 13:30:00+00:00,1.9600000381469727,2.0,1.850000023841858,1.9500000476837158
2023-08-21 13:30:00+00:00,1.9199999570846558,1.9900000095367432,1.850000023841858,1.9500000476837158
2023-08-22 13:30:00+00:00,1.9299999475479126,2.0199999809265137,1.899999976158142,1.899999976158142
2023-08-23 13:30:00+00:00,1.8600000143051147,1.9800000190734863,1.850000023841858,1.9500000476837158
2023-08-24 13:30:00+00:00,1.940000057220459,1.940000057220459,1.8700000047683716,1.8799999952316284
2023-08-25 13:30:00+00:00,1.8700000047683716,1.9199999570846558,1.8700000047683716,1.909999966621399
2023-08-28 13:30:00+00:00,1.8899999856948853,1.9900000095367432,1.8899999856948853,1.9800000190734863
2023-08-29 13:30:00+00:00,1.9500000476837158,2.2899999618530273,1.9500000476837158,2.259999990463257
2023-08-30 13:30:00+00:00,2.259999990463257,2.450000047683716,2.2300000190734863,2.3499999046325684
2023-08-31 13:30:00+00:00,2.3499999046325684,2.490000009536743,2.25,2.4600000381469727
2023-09-01 13:30:00+00:00,2.490000009536743,2.490000009536743,2.2899999618530273,2.3399999141693115
2023-09-05 13:30:00+00:00,2.299999952316284,2.430000066757202,2.240000009536743,2.3499999046325684
2023-09-06 13:30:00+00:00,2.3499999046325684,2.450000047683716,2.2799999713897705,2.450000047683716
2023-09-07 13:30:00+00:00,2.440000057220459,2.4800000190734863,2.3399999141693115,2.450000047683716
2023-09-08 13:30:00+00:00,2.4600000381469727,2.490000009536743,2.390000104904175,2.4200000762939453
2023-09-11 13:30:00+00:00,2.4000000953674316,2.4000000953674316,2.2100000381469727,2.240000009536743
2023-09-12 13:30:00+00:00,2.25,2.259999990463257,2.190000057220459,2.2300000190734863
2023-09-13 13:30:00+00:00,2.2100000381469727,2.2200000286102295,2.119999885559082,2.190000057220459
2023-09-14 13:30:00+00:00,2.1700000762939453,2.240000009536743,2.1700000762939453,2.2300000190734863
2023-09-15 13:30:00+00:00,2.1700000762939453,2.190000057220459,2.109999895095825,2.109999895095825
2023-09-18 13:30:00+00:00,2.1500000953674316,2.1700000762939453,2.0899999141693115,2.140000104904175
2023-09-19 13:30:00+00:00,2.0999999046325684,2.1700000762939453,2.0799999237060547,2.109999895095825
2023-09-20 13:30:00+00:00,2.1500000953674316,2.180000066757202,2.069999933242798,2.069999933242798
2023-09-21 13:30:00+00:00,2.049999952316284,2.109999895095825,2.0299999713897705,2.059999942779541
2023-09-22 13:30:00+00:00,2.0899999141693115,2.0899999141693115,2.009999990463257,2.009999990463257
2023-09-25 13:30:00+00:00,2.0299999713897705,2.069999933242798,1.9500000476837158,2.0199999809265137
2023-09-26 13:30:00+00:00,2.0199999809265137,2.059999942779541,2.0,2.0
2023-09-27 13:30:00+00:00,2.0,2.049999952316284,2.0,2.009999990463257
2023-09-28 13:30:00+00:00,2.0199999809265137,2.0799999237060547,1.9900000095367432,2.0299999713897705
2023-09-29 13:30:00+00:00,2.059999942779541,2.0899999141693115,2.0,2.069999933242798
2023-10-02 13:30:00+00:00,2.059999942779541,2.059999942779541,1.9199999570846558,1.9900000095367432
2023-10-03 13:30:00+00:00,1.9199999570846558,1.9299999475479126,1.8600000143051147,1.9299999475479126
2023-10-04 13:30:00+00:00,1.9199999570846558,2.0,1.9199999570846558,1.9500000476837158
2023-10-05 13:30:00+00:00,1.9500000476837158,2.009999990463257,1.8700000047683716,1.8700000047683716
2023-10-06 13:30:00+00:00,1.8899999856948853,2.009999990463257,1.8899999856948853,1.9800000190734863
2023-10-09 13:30:00+00:00,1.8200000524520874,1.9700000286102295,1.809999942779541,1.9700000286102295
2023-10-10 13:30:00+00:00,2.4000000953674316,3.25,2.259999990463257,2.5299999713897705
2023-10-11 13:30:00+00:00,2.4200000762939453,2.5399999618530273,2.2699999809265137,2.2899999618530273
2023-10-12 13:30:00+00:00,2.2200000286102295,2.2300000190734863,2.119999885559082,2.1600000858306885
2023-10-13 13:30:00+00:00,2.0199999809265137,2.109999895095825,1.9700000286102295,2.049999952316284
2023-10-16 13:30:00+00:00,2.049999952316284,2.1700000762939453,2.0199999809265137,2.140000104904175
2023-10-17 13:30:00+00:00,2.130000114440918,2.190000057220459,2.0799999237060547,2.130000114440918
2023-10-18 13:30:00+00:00,2.0999999046325684,2.130000114440918,1.9900000095367432,2.0399999618530273
2023-10-19 13:30:00+00:00,2.009999990463257,2.0999999046325684,1.9600000381469727,2.0299999713897705
2023-10-20 13:30:00+00:00,1.9900000095367432,2.049999952316284,1.9500000476837158,2.049999952316284
2023-10-23 13:30:00+00:00,1.9900000095367432,2.069999933242798,1.9800000190734863,2.009999990463257
2023-10-24 13:30:00+00:00,1.9800000190734863,1.9900000095367432,1.8600000143051147,1.909999966621399
2023-10-25 13:30:00+00:00,1.8899999856948853,1.9299999475479126,1.8600000143051147,1.8700000047683716
2023-10-26 13:30:00+00:00,1.8700000047683716,1.8899999856948853,1.840000033378601,1.8700000047683716
2023-10-27 13:30:00+00:00,1.850000023841858,1.8700000047683716,1.809999942779541,1.840000033378601
2023-10-30 13:30:00+00:00,1.850000023841858,1.899999976158142,1.7699999809265137,1.7999999523162842
2023-10-31 13:30:00+00:00,1.7999999523162842,1.8600000143051147,1.7599999904632568,1.850000023841858
2023-11-01 13:30:00+00:00,1.809999942779541,1.840000033378601,1.7400000095367432,1.7599999904632568
2023-11-02 13:30:00+00:00,1.7300000190734863,1.7999999523162842,1.6399999856948853,1.7400000095367432
2023-11-03 13:30:00+00:00,1.7799999713897705,1.9299999475479126,1.7799999713897705,1.7999999523162842
2023-11-06 14:30:00+00:00,1.850000023841858,1.9500000476837158,1.850000023841858,1.8799999952316284
2023-11-07 14:30:00+00:00,1.8899999856948853,1.940000057220459,1.8600000143051147,1.899999976158142
2023-11-08 14:30:00+00:00,1.9199999570846558,2.009999990463257,1.8600000143051147,1.9900000095367432
2023-11-09 14:30:00+00:00,1.9600000381469727,2.130000114440918,1.909999966621399,2.0799999237060547
2023-11-10 14:30:00+00:00,2.0799999237060547,2.1500000953674316,2.0,2.069999933242798
2023-11-13 14:30:00+00:00,2.0799999237060547,2.130000114440918,2.0299999713897705,2.0899999141693115
2023-11-14 14:30:00+00:00,2.069999933242798,2.2899999618530273,2.049999952316284,2.259999990463257
2023-11-15 14:30:00+00:00,2.2799999713897705,2.3299999237060547,2.25,2.2899999618530273
2023-11-16 14:30:00+00:00,2.2799999713897705,2.319999933242798,2.2300000190734863,2.299999952316284
2023-11-17 14:30:00+00:00,2.319999933242798,2.450000047683716,2.2899999618530273,2.3499999046325684
2023-11-20 14:30:00+00:00,2.3399999141693115,2.4000000953674316,2.2200000286102295,2.2899999618530273
2023-11-21 14:30:00+00:00,2.2899999618530273,2.309999942779541,2.259999990463257,2.2899999618530273
2023-11-22 14:30:00+00:00,2.299999952316284,2.4100000858306885,2.2899999618530273,2.3299999237060547
2023-11-24 14:30:00+00:00,2.309999942779541,2.380000114440918,2.309999942779541,2.359999895095825
2023-11-27 14:30:00+00:00,2.380000114440918,2.380000114440918,2.2300000190734863,2.25
2023-11-28 14:30:00+00:00,2.259999990463257,2.299999952316284,2.2200000286102295,2.2699999809265137
2023-11-29 14:30:00+00:00,2.299999952316284,2.3499999046325684,2.2899999618530273,2.3299999237060547
2023-11-30 14:30:00+00:00,2.299999952316284,2.3499999046325684,2.259999990463257,2.319999933242798
2023-12-01 14:30:00+00:00,2.309999942779541,2.369999885559082,2.2799999713897705,2.3399999141693115
2023-12-04 14:30:00+00:00,2.359999895095825,2.369999885559082,2.319999933242798,2.3299999237060547
2023-12-05 14:30:00+00:00,2.3399999141693115,2.3399999141693115,2.240000009536743,2.2799999713897705
2023-12-06 14:30:00+00:00,2.309999942779541,2.3499999046325684,2.259999990463257,2.309999942779541
2023-12-07 14:30:00+00:00,2.309999942779541,2.309999942779541,2.2200000286102295,2.240000009536743
2023-12-08 14:30:00+00:00,2.240000009536743,2.3299999237060547,2.2200000286102295,2.309999942779541
2023-12-11 14:30:00+00:00,2.3299999237060547,2.3299999237060547,2.25,2.2799999713897705
2023-12-12 14:30:00+00:00,2.2899999618530273,2.2899999618530273,2.2200000286102295,2.25
2023-12-13 14:30:00+00:00,2.25,2.2799999713897705,2.2200000286102295,2.25
2023-12-14 14:30:00+00:00,2.2799999713897705,2.5299999713897705,2.2799999713897705,2.5299999713897705
2023-12-15 14:30:00+00:00,2.5399999618530273,2.630000114440918,2.450000047683716,2.630000114440918
2023-12-18 14:30:00+00:00,2.6600000858306885,2.6600000858306885,2.5299999713897705,2.5399999618530273
2023-12-19 14:30:00+00:00,2.549999952316284,2.5799999237060547,2.4800000190734863,2.4800000190734863
2023-12-20 14:30:00+00:00,2.4800000190734863,2.5999999046325684,2.440000057220459,2.559999942779541
2023-12-21 14:30:00+00:00,2.5899999141693115,2.630000114440918,2.5199999809265137,2.609999895095825
2023-12-22 14:30:00+00:00,2.5999999046325684,2.819999933242798,2.549999952316284,2.799999952316284
2023-12-26 14:30:00+00:00,2.7899999618530273,3.0999999046325684,2.7899999618530273,3.0299999713897705
2023-12-27 14:30:00+00:00,3.069999933242798,3.240000009536743,2.9800000190734863,3.049999952316284
2023-12-28 14:30:00+00:00,3.049999952316284,3.2100000381469727,3.0,3.200000047683716
2023-12-29 14:30:00+00:00,3.240000009536743,3.430000066757202,3.180000066757202,3.4200000762939453
2024-01-02 14:30:00+00:00,3.430000066757202,3.430000066757202,3.1600000858306885,3.2799999713897705
2024-01-03 14:30:00+00:00,3.190000057220459,3.2100000381469727,3.069999933242798,3.190000057220459
2024-01-04 14:30:00+00:00,3.1500000953674316,3.2100000381469727,3.130000114440918,3.140000104904175
2024-01-05 14:30:00+00:00,3.1500000953674316,3.2300000190734863,3.069999933242798,3.069999933242798
2024-01-08 14:30:00+00:00,3.0799999237060547,3.2200000286102295,3.0,3.190000057220459
2024-01-09 14:30:00+00:00,3.1600000858306885,3.180000066757202,3.0899999141693115,3.1500000953674316
2024-01-10 14:30:00+00:00,3.140000104904175,3.2899999618530273,3.0999999046325684,3.259999990463257
2024-01-11 14:30:00+00:00,3.2899999618530273,3.2899999618530273,3.0299999713897705,3.2200000286102295
2024-01-12 14:30:00+00:00,3.2200000286102295,3.2799999713897705,3.180000066757202,3.2699999809265137
2024-01-16 14:30:00+00:00,3.1500000953674316,3.319999933242798,3.1500000953674316,3.240000009536743
2024-01-17 14:30:00+00:00,3.2200000286102295,3.3499999046325684,3.119999885559082,3.3299999237060547
2024-01-18 14:30:00+00:00,3.3499999046325684,3.390000104904175,3.2799999713897705,3.3299999237060547
2024-01-19 14:30:00+00:00,3.369999885559082,3.380000114440918,3.299999952316284,3.359999895095825
2024-01-22 14:30:00+00:00,3.3499999046325684,3.4200000762939453,3.2699999809265137,3.2699999809265137
2024-01-23 14:30:00+00:00,3.2899999618530273,3.3299999237060547,3.2200000286102295,3.2799999713897705
2024-01-24 14:30:00+00:00,3.309999942779541,3.3299999237060547,3.1500000953674316,3.2200000286102295
2024-01-25 14:30:00+00:00,3.200000047683716,3.200000047683716,3.0,3.059999942779541
2024-01-26 14:30:00+00:00,3.069999933242798,3.130000114440918,2.9100000858306885,3.009999990463257
2024-01-29 14:30:00+00:00,2.9800000190734863,3.0,2.859999895095825,2.9700000286102295
2024-01-30 14:30:00+00:00,3.009999990463257,3.0299999713897705,2.890000104904175,2.9100000858306885
2024-01-31 14:30:00+00:00,2.9600000381469727,3.259999990463257,2.9100000858306885,3.200000047683716
2024-02-01 14:30:00+00:00,3.2200000286102295,3.2200000286102295,3.0899999141693115,3.1500000953674316
2024-02-02 14:30:00+00:00,3.119999885559082,3.190000057220459,2.990000009536743,3.1700000762939453
2024-02-05 14:30:00+00:00,3.1500000953674316,3.1700000762939453,3.0799999237060547,3.1600000858306885
2024-02-06 14:30:00+00:00,3.119999885559082,3.2100000381469727,3.0899999141693115,3.180000066757202
2024-02-07 14:30:00+00:00,3.200000047683716,3.2300000190734863,3.1700000762939453,3.2300000190734863
2024-02-08 14:30:00+00:00,3.25,3.2699999809265137,3.190000057220459,3.25
2024-02-09 14:30:00+00:00,3.240000009536743,3.259999990463257,3.180000066757202,3.240000009536743
2024-02-12 14:30:00+00:00,3.240000009536743,3.259999990463257,3.200000047683716,3.2100000381469727
2024-02-13 14:30:00+00:00,3.140000104904175,3.2200000286102295,3.109999895095825,3.119999885559082
2024-02-14 14:30:00+00:00,3.1700000762939453,3.2200000286102295,3.0399999618530273,3.109999895095825
2024-02-15 14:30:00+00:00,3.119999885559082,3.140000104904175,3.069999933242798,3.0999999046325684
2024-02-16 14:30:00+00:00,3.109999895095825,3.109999895095825,3.009999990463257,3.059999942779541
2024-02-20 14:30:00+00:00,3.0299999713897705,3.059999942779541,2.9200000762939453,2.990000009536743
2024-02-21 14:30:00+00:00,2.9700000286102295,2.990000009536743,2.8499999046325684,2.930000066757202
2024-02-22 14:30:00+00:00,2.9700000286102295,2.9800000190734863,2.9200000762939453,2.9800000190734863
2024-02-23 14:30:00+00:00,2.859999895095825,3.0299999713897705,2.859999895095825,2.990000009536743
2024-02-26 14:30:00+00:00,2.9700000286102295,3.0999999046325684,2.930000066757202,3.049999952316284
2024-02-27 14:30:00+00:00,3.0899999141693115,3.200000047683716,3.0899999141693115,3.130000114440918
2024-02-28 14:30:00+00:00,3.1500000953674316,3.190000057220459,3.109999895095825,3.1500000953674316
2024-02-29 14:30:00+00:00,3.190000057220459,3.2100000381469727,3.0999999046325684,3.1700000762939453
2024-03-01 14:30:00+00:00,3.2100000381469727,3.240000009536743,3.119999885559082,3.180000066757202
2024-03-04 14:30:00+00:00,3.1600000858306885,3.200000047683716,3.109999895095825,3.1700000762939453
2024-03-05 14:30:00+00:00,3.1600000858306885,3.1600000858306885,3.109999895095825,3.140000104904175
2024-03-06 14:30:00+00:00,3.1500000953674316,3.1500000953674316,3.069999933242798,3.119999885559082
2024-03-07 14:30:00+00:00,3.119999885559082,3.130000114440918,3.049999952316284,3.130000114440918
2024-03-08 14:30:00+00:00,3.119999885559082,3.119999885559082,2.930000066757202,2.990000009536743
2024-03-11 13:30:00+00:00,3.0,3.059999942779541,2.890000104904175,2.9000000953674316
2024-03-12 13:30:00+00:00,2.9000000953674316,3.200000047683716,2.880000114440918,3.1600000858306885
2024-03-13 13:30:00+00:00,3.2300000190734863,3.5999999046325684,3.180000066757202,3.559999942779541
2024-03-14 13:30:00+00:00,3.5799999237060547,4.190000057220459,3.5799999237060547,3.7699999809265137
2024-03-15 13:30:00+00:00,3.8299999237060547,3.880000114440918,3.5799999237060547,3.630000114440918
2024-03-18 13:30:00+00:00,3.7100000381469727,3.9800000190734863,3.6500000953674316,3.9200000762939453
2024-03-19 13:30:00+00:00,3.9700000286102295,4.139999866485596,3.809999942779541,4.079999923706055
2024-03-20 13:30:00+00:00,4.139999866485596,4.630000114440918,4.099999904632568,4.610000133514404
2024-03-21 13:30:00+00:00,4.559999942779541,4.71999979019165,4.429999828338623,4.670000076293945
2024-03-22 13:30:00+00:00,4.650000095367432,4.71999979019165,4.5,4.53000020980835
2024-03-25 13:30:00+00:00,4.539999961853027,4.679999828338623,4.420000076293945,4.630000114440918
2024-03-26 13:30:00+00:00,4.619999885559082,4.809999942779541,4.559999942779541,4.789999961853027
2024-03-27 13:30:00+00:00,4.789999961853027,5.050000190734863,4.730000019073486,4.940000057220459
2024-03-28 13:30:00+00:00,5.0,5.489999771118164,4.900000095367432,5.340000152587891
2024-04-01 13:30:00+00:00,5.579999923706055,5.639999866485596,4.820000171661377,4.920000076293945
2024-04-02 13:30:00+00:00,5.010000228881836,5.670000076293945,4.920000076293945,5.119999885559082
2024-04-03 13:30:00+00:00,5.179999828338623,5.320000171661377,4.579999923706055,4.75
2024-04-04 13:30:00+00:00,4.75,5.039999961853027,4.510000228881836,4.570000171661377
2024-04-05 13:30:00+00:00,4.570000171661377,4.849999904632568,4.539999961853027,4.739999771118164
2024-04-08 13:30:00+00:00,4.639999866485596,4.75,4.389999866485596,4.429999828338623
2024-04-09 13:30:00+00:00,4.449999809265137,4.659999847412109,4.329999923706055,4.46999979019165
2024-04-10 13:30:00+00:00,4.420000076293945,4.46999979019165,4.150000095367432,4.159999847412109
2024-04-11 13:30:00+00:00,4.21999979019165,4.389999866485596,4.039999961853027,4.25
2024-04-12 13:30:00+00:00,4.25,4.289999961853027,4.010000228881836,4.190000057220459
2024-04-15 13:30:00+00:00,4.179999828338623,4.239999771118164,4.090000152587891,4.230000019073486
2024-04-16 13:30:00+00:00,4.179999828338623,4.28000020980835,3.9800000190734863,4.059999942779541
2024-04-17 13:30:00+00:00,4.079999923706055,4.170000076293945,4.010000228881836,4.050000190734863
2024-04-18 13:30:00+00:00,4.019999980926514,4.119999885559082,3.859999895095825,4.059999942779541
2024-04-19 13:30:00+00:00,4.019999980926514,4.019999980926514,3.8499999046325684,3.990000009536743
2024-04-22 13:30:00+00:00,3.9600000381469727,4.090000152587891,3.9100000858306885,4.059999942779541
2024-04-23 13:30:00+00:00,4.050000190734863,4.329999923706055,3.9600000381469727,4.190000057220459
2024-04-24 13:30:00+00:00,4.190000057220459,4.360000133514404,4.179999828338623,4.21999979019165
2024-04-25 13:30:00+00:00,4.199999809265137,4.369999885559082,4.019999980926514,4.329999923706055
2024-04-26 13:30:00+00:00,4.369999885559082,4.53000020980835,4.289999961853027,4.53000020980835
2024-04-29 13:30:00+00:00,4.53000020980835,4.739999771118164,4.510000228881836,4.659999847412109
2024-04-30 13:30:00+00:00,4.659999847412109,4.820000171661377,4.599999904632568,4.789999961853027
2024-05-01 13:30:00+00:00,4.699999809265137,5.150000095367432,4.699999809265137,4.889999866485596
2024-05-02 13:30:00+00:00,4.909999847412109,5.070000171661377,4.710000038146973,5.010000228881836
2024-05-03 13:30:00+00:00,5.099999904632568,5.099999904632568,4.809999942779541,4.989999771118164
2024-05-06 13:30:00+00:00,5.019999980926514,5.28000020980835,4.949999809265137,5.210000038146973
2024-05-07 13:30:00+00:00,5.199999809265137,5.429999828338623,5.079999923706055,5.119999885559082
2024-05-08 13:30:00+00:00,5.179999828338623,5.190000057220459,4.929999828338623,4.960000038146973
2024-05-09 13:30:00+00:00,4.989999771118164,5.150000095367432,4.960000038146973,5.039999961853027
2024-05-10 13:30:00+00:00,5.039999961853027,5.239999771118164,5.0,5.199999809265137
2024-05-13 13:30:00+00:00,5.210000038146973,5.519999980926514,5.190000057220459,5.480000019073486
2024-05-14 13:30:00+00:00,5.510000228881836,5.53000020980835,5.289999961853027,5.449999809265137
2024-05-15 13:30:00+00:00,5.380000114440918,5.559999942779541,5.380000114440918,5.5
2024-05-16 13:30:00+00:00,5.519999980926514,5.53000020980835,5.349999904632568,5.449999809265137
2024-05-17 13:30:00+00:00,5.380000114440918,5.510000228881836,5.360000133514404,5.460000038146973
2024-05-20 13:30:00+00:00,5.460000038146973,5.53000020980835,5.360000133514404,5.449999809265137
2024-05-21 13:30:00+00:00,5.449999809265137,5.579999923706055,5.369999885559082,5.5
2024-05-22 13:30:00+00:00,5.46999979019165,5.579999923706055,5.159999847412109,5.239999771118164
2024-05-23 13:30:00+00:00,5.25,5.409999847412109,5.099999904632568,5.230000019073486
2024-05-24 13:30:00+00:00,5.230000019073486,5.440000057220459,5.210000038146973,5.320000171661377
2024-05-28 13:30:00+00:00,5.420000076293945,5.480000019073486,5.269999980926514,5.409999847412109
2024-05-29 13:30:00+00:00,5.369999885559082,5.429999828338623,5.289999961853027,5.400000095367432
2024-05-30 13:30:00+00:00,5.429999828338623,5.489999771118164,5.340000152587891,5.429999828338623
2024-05-31 13:30:00+00:00,5.460000038146973,5.489999771118164,5.190000057220459,5.309999942779541
2024-06-03 13:30:00+00:00,5.369999885559082,5.380000114440918,5.190000057220459,5.239999771118164
2024-06-04 13:30:00+00:00,5.190000057220459,5.21999979019165,4.760000228881836,4.769999980926514
2024-06-05 13:30:00+00:00,4.809999942779541,4.96999979019165,4.78000020980835,4.900000095367432
2024-06-06 13:30:00+00:00,4.880000114440918,4.96999979019165,4.670000076293945,4.730000019073486
2024-06-07 13:30:00+00:00,4.670000076293945,4.75,4.5,4.590000152587891
2024-06-10 13:30:00+00:00,4.599999904632568,4.760000228881836,4.550000190734863,4.559999942779541
2024-06-11 13:30:00+00:00,4.53000020980835,4.590000152587891,4.429999828338623,4.5
2024-06-12 13:30:00+00:00,4.550000190734863,4.690000057220459,4.550000190734863,4.639999866485596
2024-06-13 13:30:00+00:00,4.659999847412109,4.679999828338623,4.5,4.559999942779541
2024-06-14 13:30:00+00:00,4.550000190734863,4.619999885559082,4.440000057220459,4.53000020980835
2024-06-17 13:30:00+00:00,4.510000228881836,4.579999923706055,4.440000057220459,4.449999809265137
2024-06-18 13:30:00+00:00,4.460000038146973,4.5,4.269999980926514,4.309999942779541
2024-06-20 13:30:00+00:00,4.25,4.389999866485596,4.119999885559082,4.170000076293945
2024-06-21 13:30:00+00:00,4.21999979019165,4.340000152587891,4.139999866485596,4.28000020980835
2024-06-24 13:30:00+00:00,4.25,4.289999961853027,4.139999866485596,4.239999771118164
2024-06-25 13:30:00+00:00,4.210000038146973,4.269999980926514,4.110000133514404,4.190000057220459
2024-06-26 13:30:00+00:00,4.110000133514404,4.409999847412109,4.110000133514404,4.409999847412109
2024-06-27 13:30:00+00:00,4.429999828338623,4.840000152587891,4.409999847412109,4.559999942779541
2024-06-28 13:30:00+00:00,4.599999904632568,4.710000038146973,4.380000114440918,4.570000171661377
2024-07-01 13:30:00+00:00,4.610000133514404,4.900000095367432,4.460000038146973,4.849999904632568
2024-07-02 13:30:00+00:00,4.75,4.789999961853027,4.53000020980835,4.539999961853027
2024-07-03 13:30:00+00:00,4.480000019073486,4.610000133514404,4.449999809265137,4.579999923706055
2024-07-05 13:30:00+00:00,4.53000020980835,4.539999961853027,4.239999771118164,4.25
2024-07-08 13:30:00+00:00,4.309999942779541,4.380000114440918,4.059999942779541,4.260000228881836
2024-07-09 13:30:00+00:00,4.25,4.25,4.010000228881836,4.110000133514404
2024-07-10 13:30:00+00:00,4.150000095367432,4.380000114440918,4.139999866485596,4.369999885559082
2024-07-11 13:30:00+00:00,4.349999904632568,4.699999809265137,4.349999904632568,4.659999847412109
2024-07-12 13:30:00+00:00,4.739999771118164,4.849999904632568,4.679999828338623,4.690000057220459
2024-07-15 13:30:00+00:00,4.739999771118164,5.03000020980835,4.690000057220459,4.900000095367432
2024-07-16 13:30:00+00:00,4.900000095367432,5.25,4.889999866485596,5.199999809265137
2024-07-17 13:30:00+00:00,5.03000020980835,5.110000133514404,4.820000171661377,5.079999923706055
2024-07-18 13:30:00+00:00,5.21999979019165,5.230000019073486,4.889999866485596,5.0
2024-07-19 13:30:00+00:00,5.110000133514404,5.179999828338623,4.880000114440918,4.960000038146973
2024-07-22 13:30:00+00:00,4.869999885559082,5.099999904632568,4.800000190734863,5.099999904632568
2024-07-23 13:30:00+00:00,5.099999904632568,5.099999904632568,4.849999904632568,4.880000114440918
2024-07-24 13:30:00+00:00,4.829999923706055,4.929999828338623,4.699999809265137,4.760000228881836
2024-07-25 13:30:00+00:00,4.820000171661377,4.900000095367432,4.650000095367432,4.789999961853027
2024-07-26 13:30:00+00:00,4.900000095367432,4.900000095367432,4.619999885559082,4.769999980926514
2024-07-29 13:30:00+00:00,4.739999771118164,4.75,4.5,4.5
2024-07-30 13:30:00+00:00,4.539999961853027,4.599999904632568,4.409999847412109,4.550000190734863
2024-07-31 13:30:00+00:00,4.559999942779541,4.650000095367432,4.480000019073486,4.53000020980835
2024-08-01 13:30:00+00:00,4.440000057220459,4.53000020980835,4.300000190734863,4.429999828338623
2024-08-02 13:30:00+00:00,4.25,4.440000057220459,4.170000076293945,4.320000171661377
2024-08-05 13:30:00+00:00,4.039999961853027,4.360000133514404,3.990000009536743,4.239999771118164
2024-08-06 13:30:00+00:00,4.519999980926514,5.010000228881836,4.389999866485596,4.909999847412109
2024-08-07 13:30:00+00:00,4.989999771118164,5.010000228881836,4.619999885559082,4.659999847412109
2024-08-08 13:30:00+00:00,4.789999961853027,4.900000095367432,4.579999923706055,4.730000019073486
2024-08-09 13:30:00+00:00,4.769999980926514,4.900000095367432,4.46999979019165,4.639999866485596
2024-08-12 13:30:00+00:00,4.570000171661377,4.71999979019165,4.510000228881836,4.559999942779541
2024-08-13 13:30:00+00:00,4.699999809265137,4.800000190734863,4.550000190734863,4.789999961853027
2024-08-14 13:30:00+00:00,4.760000228881836,4.940000057220459,4.670000076293945,4.78000020980835
2024-08-15 13:30:00+00:00,4.840000152587891,4.869999885559082,4.739999771118164,4.840000152587891
2024-08-16 13:30:00+00:00,4.840000152587891,4.900000095367432,4.789999961853027,4.820000171661377
2024-08-19 13:30:00+00:00,4.829999923706055,4.980000019073486,4.789999961853027,4.909999847412109
2024-08-20 13:30:00+00:00,4.860000133514404,4.909999847412109,4.800000190734863,4.889999866485596
2024-08-21 13:30:00+00:00,4.920000076293945,4.96999979019165,4.880000114440918,4.889999866485596
2024-08-22 13:30:00+00:00,5.03000020980835,5.21999979019165,4.380000114440918,4.869999885559082
2024-08-23 13:30:00+00:00,4.829999923706055,4.940000057220459,4.760000228881836,4.889999866485596
2024-08-26 13:30:00+00:00,4.940000057220459,4.980000019073486,4.78000020980835,4.860000133514404
2024-08-27 13:30:00+00:00,4.809999942779541,4.920000076293945,4.769999980926514,4.920000076293945
2024-08-28 13:30:00+00:00,4.909999847412109,4.989999771118164,4.829999923706055,4.889999866485596
2024-08-29 13:30:00+00:00,4.909999847412109,4.96999979019165,4.840000152587891,4.880000114440918
2024-08-30 13:30:00+00:00,4.929999828338623,5.03000020980835,4.849999904632568,4.989999771118164
2024-09-03 13:30:00+00:00,4.980000019073486,4.980000019073486,4.710000038146973,4.75
2024-09-04 13:30:00+00:00,4.710000038146973,4.75,4.599999904632568,4.630000114440918
2024-09-05 13:30:00+00:00,4.650000095367432,4.699999809265137,4.539999961853027,4.619999885559082
2024-09-06 13:30:00+00:00,4.619999885559082,4.730000019073486,4.480000019073486,4.53000020980835
2024-09-09 13:30:00+00:00,4.630000114440918,4.699999809265137,4.480000019073486,4.599999904632568
2024-09-10 13:30:00+00:00,4.610000133514404,4.610000133514404,4.340000152587891,4.510000228881836
2024-09-11 13:30:00+00:00,4.519999980926514,4.559999942779541,4.369999885559082,4.5
2024-09-12 13:30:00+00:00,4.539999961853027,4.630000114440918,4.449999809265137,4.630000114440918
2024-09-13 13:30:00+00:00,4.650000095367432,4.909999847412109,4.650000095367432,4.909999847412109
2024-09-16 13:30:00+00:00,4.909999847412109,4.929999828338623,4.769999980926514,4.820000171661377
2024-09-17 13:30:00+00:00,4.840000152587891,4.880000114440918,4.599999904632568,4.659999847412109
2024-09-18 13:30:00+00:00,5.019999980926514,5.53000020980835,4.78000020980835,5.0
2024-09-19 13:30:00+00:00,5.199999809265137,5.230000019073486,4.929999828338623,5.119999885559082
2024-09-20 13:30:00+00:00,5.179999828338623,5.199999809265137,4.949999809265137,4.960000038146973
2024-09-23 13:30:00+00:00,5.0,5.110000133514404,4.659999847412109,4.769999980926514
2024-09-24 13:30:00+00:00,4.809999942779541,4.929999828338623,4.71999979019165,4.909999847412109
2024-09-25 13:30:00+00:00,4.900000095367432,4.960000038146973,4.809999942779541,4.900000095367432
2024-09-26 13:30:00+00:00,4.929999828338623,4.989999771118164,4.860000133514404,4.909999847412109
2024-09-27 13:30:00+00:00,4.940000057220459,5.230000019073486,4.860000133514404,5.190000057220459
2024-09-30 13:30:00+00:00,5.269999980926514,5.28000020980835,4.869999885559082,5.0
2024-10-01 13:30:00+00:00,4.989999771118164,5.010000228881836,4.840000152587891,4.980000019073486
2024-10-02 13:30:00+00:00,5.090000152587891,5.090000152587891,4.599999904632568,4.679999828338623
2024-10-03 13:30:00+00:00,4.670000076293945,5.010000228881836,4.630000114440918,4.980000019073486
2024-10-04 13:30:00+00:00,5.050000190734863,5.090000152587891,4.929999828338623,5.010000228881836
2024-10-07 13:30:00+00:00,5.039999961853027,5.300000190734863,4.940000057220459,5.0
2024-10-08 13:30:00+00:00,5.010000228881836,5.170000076293945,4.949999809265137,5.019999980926514
2024-10-09 13:30:00+00:00,5.039999961853027,5.809999942779541,4.980000019073486,5.639999866485596
2024-10-10 13:30:00+00:00,5.610000133514404,5.619999885559082,5.070000171661377,5.269999980926514
2024-10-11 13:30:00+00:00,5.340000152587891,5.539999961853027,5.239999771118164,5.380000114440918
2024-10-14 13:30:00+00:00,5.409999847412109,5.480000019073486,5.199999809265137,5.230000019073486
2024-10-15 13:30:00+00:00,5.25,5.320000171661377,5.090000152587891,5.260000228881836
2024-10-16 13:30:00+00:00,5.320000171661377,5.639999866485596,5.320000171661377,5.46999979019165
2024-10-17 13:30:00+00:00,5.480000019073486,5.510000228881836,5.25,5.440000057220459
2024-10-18 13:30:00+00:00,5.440000057220459,5.550000190734863,5.309999942779541,5.519999980926514
2024-10-21 13:30:00+00:00,5.650000095367432,5.710000038146973,5.480000019073486,5.539999961853027
2024-10-22 13:30:00+00:00,5.539999961853027,5.610000133514404,5.369999885559082,5.440000057220459
2024-10-23 13:30:00+00:00,5.420000076293945,5.539999961853027,5.159999847412109,5.230000019073486
2024-10-24 13:30:00+00:00,5.329999923706055,5.329999923706055,5.119999885559082,5.159999847412109
2024-10-25 13:30:00+00:00,5.190000057220459,5.239999771118164,5.03000020980835,5.099999904632568
2024-10-28 13:30:00+00:00,5.159999847412109,5.289999961853027,5.130000114440918,5.210000038146973
2024-10-29 13:30:00+00:00,5.139999866485596,5.309999942779541,5.099999904632568,5.159999847412109
2024-10-30 13:30:00+00:00,5.110000133514404,5.289999961853027,5.039999961853027,5.289999961853027
2024-10-31 13:30:00+00:00,5.340000152587891,5.340000152587891,4.989999771118164,5.03000020980835
2024-11-01 13:30:00+00:00,5.03000020980835,5.090000152587891,4.75,4.769999980926514
2024-11-04 14:30:00+00:00,4.800000190734863,5.0,4.760000228881836,4.920000076293945
2024-11-05 14:30:00+00:00,4.940000057220459,5.110000133514404,4.940000057220459,5.059999942779541
2024-11-06 14:30:00+00:00,5.300000190734863,5.349999904632568,5.099999904632568,5.320000171661377
2024-11-07 14:30:00+00:00,5.329999923706055,5.400000095367432,5.199999809265137,5.349999904632568
2024-11-08 14:30:00+00:00,5.369999885559082,5.590000152587891,5.289999961853027,5.400000095367432
2024-11-11 14:30:00+00:00,5.550000190734863,5.579999923706055,5.369999885559082,5.489999771118164
2024-11-12 14:30:00+00:00,4.889999866485596,5.25,4.800000190734863,5.210000038146973
2024-11-13 14:30:00+00:00,5.300000190734863,6.679999828338623,5.230000019073486,6.25
2024-11-14 14:30:00+00:00,6.199999809265137,6.46999979019165,5.869999885559082,6.039999961853027
2024-11-15 14:30:00+00:00,6.010000228881836,6.079999923706055,5.710000038146973,5.949999809265137
2024-11-18 14:30:00+00:00,5.949999809265137,6.360000133514404,5.880000114440918,6.300000190734863
2024-11-19 14:30:00+00:00,6.21999979019165,6.570000171661377,6.119999885559082,6.5
2024-11-20 14:30:00+00:00,6.53000020980835,6.559999942779541,5.849999904632568,6.480000019073486
2024-11-21 14:30:00+00:00,6.519999980926514,6.800000190734863,6.360000133514404,6.639999866485596
2024-11-22 14:30:00+00:00,6.800000190734863,7.230000019073486,6.75,7.110000133514404
2024-11-25 14:30:00+00:00,7.159999847412109,7.380000114440918,6.929999828338623,7.360000133514404
2024-11-26 14:30:00+00:00,7.260000228881836,7.340000152587891,7.03000020980835,7.150000095367432
2024-11-27 14:30:00+00:00,7.139999866485596,7.25,7.039999961853027,7.170000076293945
2024-11-29 14:30:00+00:00,7.130000114440918,7.269999980926514,7.03000020980835,7.039999961853027
2024-12-02 14:30:00+00:00,7.099999904632568,7.150000095367432,6.809999942779541,6.949999809265137
2024-12-03 14:30:00+00:00,6.909999847412109,7.059999942779541,6.710000038146973,7.039999961853027
2024-12-04 14:30:00+00:00,7.03000020980835,7.210000038146973,7.0,7.139999866485596
2024-12-05 14:30:00+00:00,7.079999923706055,7.25,6.570000171661377,6.599999904632568
2024-12-06 14:30:00+00:00,6.690000057220459,6.980000019073486,6.630000114440918,6.900000095367432
2024-12-09 14:30:00+00:00,7.0,7.28000020980835,6.940000057220459,7.019999980926514
2024-12-10 14:30:00+00:00,7.019999980926514,7.019999980926514,6.619999885559082,6.739999771118164
2024-12-11 14:30:00+00:00,6.869999885559082,6.989999771118164,6.75,6.860000133514404
2024-12-12 14:30:00+00:00,6.840000152587891,6.880000114440918,6.639999866485596,6.789999961853027
2024-12-13 14:30:00+00:00,6.760000228881836,6.860000133514404,6.550000190734863,6.610000133514404
2024-12-16 14:30:00+00:00,6.550000190734863,7.0,6.550000190734863,6.949999809265137
2024-12-17 14:30:00+00:00,6.900000095367432,7.210000038146973,6.880000114440918,6.940000057220459
2024-12-18 14:30:00+00:00,7.0,7.150000095367432,6.230000019073486,6.360000133514404
2024-12-19 14:30:00+00:00,6.519999980926514,6.599999904632568,6.199999809265137,6.380000114440918
2024-12-20 14:30:00+00:00,6.269999980926514,6.630000114440918,6.099999904632568,6.53000020980835
2024-12-23 14:30:00+00:00,6.519999980926514,6.730000019073486,6.369999885559082,6.590000152587891
2024-12-24 14:30:00+00:00,6.710000038146973,6.860000133514404,6.550000190734863,6.829999923706055
2024-12-26 14:30:00+00:00,6.78000020980835,7.139999866485596,6.71999979019165,7.099999904632568
2024-12-27 14:30:00+00:00,7.179999828338623,7.199999809265137,6.75,6.800000190734863
2024-12-30 14:30:00+00:00,6.679999828338623,6.789999961853027,6.489999771118164,6.659999847412109
2024-12-31 14:30:00+00:00,6.75,6.920000076293945,6.630000114440918,6.659999847412109
